 -1.08368401e+00 1.13558310e+00 -8.80703294e-03
 -1.07941396e+00 1.13552724e+00 -8.93945736e-03
 -1.07512651e+00 1.13547733e+00 -9.04475540e-03
 -1.07082321e+00 1.13543318e+00 -9.12514078e-03
 -1.06650560e+00 1.13539462e+00 -9.18282837e-03
 -1.06217521e+00 1.13536147e+00 -9.22003392e-03
 -1.05783354e+00 1.13533354e+00 -9.23897383e-03
 -1.05348207e+00 1.13531065e+00 -9.24186495e-03
 -1.04912224e+00 1.13529261e+00 -9.23092438e-03
 -1.04475551e+00 1.13527924e+00 -9.20836937e-03
 -1.04038327e+00 1.13527036e+00 -9.17641712e-03
 -1.03600691e+00 1.13526578e+00 -9.13728476e-03
 -1.03162782e+00 1.13526532e+00 -9.09318923e-03
 -1.02724732e+00 1.13526879e+00 -9.04634724e-03
 -1.02286675e+00 1.13527601e+00 -8.99897529e-03
 -1.01848740e+00 1.13528680e+00 -8.95328963e-03
 -1.01411055e+00 1.13530096e+00 -8.91150635e-03
 -1.00973746e+00 1.13531832e+00 -8.87584138e-03
 -1.00536936e+00 1.13533869e+00 -8.84851065e-03
 -1.00100746e+00 1.13536189e+00 -8.83173016e-03
 -9.96652955e-01 1.13538773e+00 -8.82771613e-03
 -9.92307011e-01 1.13541603e+00 -8.83868522e-03
 -9.87955144e-01 1.13544150e+00 -8.83931487e-03
 -9.83628836e-01 1.13547385e+00 -8.88518546e-03
 -9.79310735e-01 1.13550689e+00 -8.94605494e-03
 -9.74998998e-01 1.13553943e+00 -9.01883150e-03
 -9.70691811e-01 1.13557032e+00 -9.10042283e-03
 -9.66387392e-01 1.13559838e+00 -9.18773589e-03
 -9.62083988e-01 1.13562245e+00 -9.27767673e-03
 -9.57779877e-01 1.13564135e+00 -9.36715049e-03
 -9.53473368e-01 1.13565392e+00 -9.45306138e-03
 -9.49162801e-01 1.13565898e+00 -9.53231281e-03
 -9.44846544e-01 1.13565536e+00 -9.60180759e-03
 -9.40522998e-01 1.13564190e+00 -9.65844821e-03
 -9.36190595e-01 1.13561741e+00 -9.69913720e-03
 -9.31847798e-01 1.13558075e+00 -9.72077757e-03
 -9.27493101e-01 1.13553073e+00 -9.72027340e-03
 -9.23125029e-01 1.13546619e+00 -9.69453039e-03
 -9.18742142e-01 1.13538596e+00 -9.64045661e-03
 -9.14343030e-01 1.13528889e+00 -9.55496330e-03
 -9.09926317e-01 1.13517381e+00 -9.43496570e-03
 -9.05490660e-01 1.13503957e+00 -9.27738403e-03
 -9.01034750e-01 1.13488501e+00 -9.07914454e-03
 -8.96622728e-01 1.13473250e+00 -8.96419830e-03
 -8.92123685e-01 1.13453439e+00 -8.67833480e-03
 -8.87604773e-01 1.13431403e+00 -8.35070795e-03
 -8.83067489e-01 1.13407127e+00 -7.98365260e-03
 -8.78513308e-01 1.13380597e+00 -7.57950576e-03
 -8.73943685e-01 1.13351801e+00 -7.14060585e-03
 -8.69360050e-01 1.13320723e+00 -6.66929206e-03
 -8.64605198e-01 1.13248232e+00 -5.84908812e-03
 -8.60009256e-01 1.13215207e+00 -5.34162788e-03
 -8.55420965e-01 1.13184254e+00 -4.84455310e-03
 -8.50841417e-01 1.13155369e+00 -4.36024657e-03
 -8.46271674e-01 1.13128546e+00 -3.89108809e-03
 -8.41712777e-01 1.13103780e+00 -3.43945482e-03
 -8.37165740e-01 1.13081067e+00 -3.00772168e-03
 -8.32631553e-01 1.13060401e+00 -2.59826183e-03
 -8.28111182e-01 1.13041777e+00 -2.21344713e-03
 -8.23605567e-01 1.13025192e+00 -1.85564868e-03
 -8.19115626e-01 1.13010639e+00 -1.52723736e-03
 -8.14642254e-01 1.12998115e+00 -1.23058441e-03
 -8.10186322e-01 1.12987616e+00 -9.68062066e-04
 -8.05748676e-01 1.12979138e+00 -7.42044185e-04
 -8.01392335e-01 1.12975140e+00 -6.89377235e-04
 -7.96991676e-01 1.12970624e+00 -5.39791784e-04
 -7.92608137e-01 1.12967975e+00 -4.25995406e-04
 -7.88240495e-01 1.12967108e+00 -3.45885826e-04
 -7.83887548e-01 1.12967937e+00 -2.97364854e-04
 -7.79548115e-01 1.12970378e+00 -2.78337731e-04
 -7.75221040e-01 1.12974346e+00 -2.86712518e-04
 -7.70905187e-01 1.12979757e+00 -3.20399516e-04
 -7.66599442e-01 1.12986526e+00 -3.77310735e-04
 -7.62302713e-01 1.12994569e+00 -4.55359404e-04
 -7.58013929e-01 1.13003803e+00 -5.52459510e-04
 -7.53732040e-01 1.13014142e+00 -6.66525392e-04
 -7.49456016e-01 1.13025502e+00 -7.95471358e-04
 -7.45184848e-01 1.13037800e+00 -9.37211360e-04
 -7.40917549e-01 1.13050951e+00 -1.08965869e-03
 -7.36653152e-01 1.13064871e+00 -1.25072573e-03
 -7.32390708e-01 1.13079475e+00 -1.41832373e-03
 -7.28129291e-01 1.13094678e+00 -1.59036263e-03
 -7.23867996e-01 1.13110397e+00 -1.76475095e-03
 -7.19605934e-01 1.13126547e+00 -1.93939564e-03
 -7.15311490e-01 1.13141671e+00 -2.03765261e-03
 -7.11045637e-01 1.13158432e+00 -2.20684349e-03
 -7.06777325e-01 1.13175407e+00 -2.37207666e-03
 -7.02506575e-01 1.13192550e+00 -2.53332870e-03
 -6.98233407e-01 1.13209812e+00 -2.69057604e-03
 -6.93957841e-01 1.13227148e+00 -2.84379502e-03
 -6.89679898e-01 1.13244510e+00 -2.99296190e-03
 -6.85399600e-01 1.13261851e+00 -3.13805281e-03
 -6.81116967e-01 1.13279124e+00 -3.27904383e-03
 -6.76832020e-01 1.13296283e+00 -3.41591094e-03
 -6.72544782e-01 1.13313279e+00 -3.54863008e-03
 -6.68255274e-01 1.13330066e+00 -3.67717711e-03
 -6.63963518e-01 1.13346597e+00 -3.80152783e-03
 -6.59669537e-01 1.13362825e+00 -3.92165802e-03
 -6.55373352e-01 1.13378702e+00 -4.03754342e-03
 -6.51074988e-01 1.13394182e+00 -4.14915971e-03
 -6.46784050e-01 1.13412378e+00 -4.28221185e-03
 -6.42480781e-01 1.13426738e+00 -4.38373671e-03
 -6.38174796e-01 1.13440354e+00 -4.47924948e-03
 -6.33866342e-01 1.13453248e+00 -4.56930681e-03
 -6.29555662e-01 1.13465447e+00 -4.65446576e-03
 -6.25263663e-01 1.13478038e+00 -4.79270034e-03
 -6.20949019e-01 1.13488912e+00 -4.86952575e-03
 -6.16632492e-01 1.13499145e+00 -4.94212730e-03
 -6.12314028e-01 1.13508744e+00 -5.01026403e-03
 -6.07993576e-01 1.13517721e+00 -5.07369504e-03
 -6.03671088e-01 1.13526083e+00 -5.13217947e-03
 -5.99346518e-01 1.13533842e+00 -5.18547652e-03
 -5.95019822e-01 1.13541005e+00 -5.23334544e-03
 -5.90690960e-01 1.13547584e+00 -5.27554556e-03
 -5.86359892e-01 1.13553587e+00 -5.31183631e-03
 -5.82026583e-01 1.13559023e+00 -5.34197722e-03
 -5.77690998e-01 1.13563904e+00 -5.36572790e-03
 -5.73353106e-01 1.13568237e+00 -5.38284812e-03
 -5.69012879e-01 1.13572033e+00 -5.39309777e-03
 -5.64670289e-01 1.13575302e+00 -5.39623688e-03
 -5.60325314e-01 1.13578052e+00 -5.39202566e-03
 -5.55977930e-01 1.13580294e+00 -5.38022447e-03
 -5.51628120e-01 1.13582038e+00 -5.36059387e-03
 -5.47275866e-01 1.13583292e+00 -5.33289462e-03
 -5.42921155e-01 1.13584067e+00 -5.29688767e-03
 -5.38563974e-01 1.13584372e+00 -5.25233421e-03
 -5.34188781e-01 1.13583277e+00 -5.14848105e-03
 -5.29826879e-01 1.13582679e+00 -5.08649951e-03
 -5.25462878e-01 1.13581665e+00 -5.01655886e-03
 -5.21097029e-01 1.13580260e+00 -4.93928953e-03
 -5.16729574e-01 1.13578491e+00 -4.85532197e-03
 -5.12360748e-01 1.13576383e+00 -4.76528658e-03
 -5.07990782e-01 1.13573962e+00 -4.66981370e-03
 -5.03619899e-01 1.13571255e+00 -4.56953357e-03
 -4.99248317e-01 1.13568287e+00 -4.46507629e-03
 -4.94876246e-01 1.13565084e+00 -4.35707177e-03
 -4.90503890e-01 1.13561671e+00 -4.24614977e-03
 -4.86131449e-01 1.13558076e+00 -4.13293981e-03
 -4.81759114e-01 1.13554323e+00 -4.01807119e-03
 -4.77387070e-01 1.13550438e+00 -3.90217296e-03
 -4.73015496e-01 1.13546448e+00 -3.78587395e-03
 -4.68644565e-01 1.13542378e+00 -3.66980270e-03
 -4.64274443e-01 1.13538255e+00 -3.55458750e-03
 -4.59905291e-01 1.13534103e+00 -3.44085640e-03
 -4.55537262e-01 1.13529949e+00 -3.32923716e-03
 -4.51170503e-01 1.13525818e+00 -3.22035734e-03
 -4.46805155e-01 1.13521736e+00 -3.11484423e-03
 -4.42616222e-01 1.13530478e+00 -3.69908393e-03
 -4.38252186e-01 1.13526557e+00 -3.60141532e-03
 -4.33889545e-01 1.13522732e+00 -3.50737391e-03
 -4.29535148e-01 1.13522468e+00 -3.44474163e-03
 -4.25177946e-01 1.13520379e+00 -3.36938186e-03
 -4.20825341e-01 1.13520218e+00 -3.31142477e-03
 -4.16476924e-01 1.13521888e+00 -3.26971092e-03
 -4.12132299e-01 1.13525291e+00 -3.24308224e-03
 -4.07791079e-01 1.13530332e+00 -3.23038174e-03
 -4.03452893e-01 1.13536914e+00 -3.23045329e-03
 -3.99117378e-01 1.13544939e+00 -3.24214145e-03
 -3.94784185e-01 1.13554312e+00 -3.26429123e-03
 -3.90452975e-01 1.13564935e+00 -3.29574793e-03
 -3.86123422e-01 1.13576713e+00 -3.33535701e-03
 -3.81795210e-01 1.13589548e+00 -3.38196390e-03
 -3.77468036e-01 1.13603345e+00 -3.43441388e-03
 -3.73141607e-01 1.13618006e+00 -3.49155200e-03
 -3.68815644e-01 1.13633435e+00 -3.55222296e-03
 -3.64489877e-01 1.13649535e+00 -3.61527104e-03
 -3.60164047e-01 1.13666209e+00 -3.67954004e-03
 -3.55819661e-01 1.13681699e+00 -3.65485785e-03
 -3.51493171e-01 1.13699227e+00 -3.71793582e-03
 -3.47166168e-01 1.13717063e+00 -3.78003023e-03
 -3.42838682e-01 1.13735133e+00 -3.84125292e-03
 -3.38510742e-01 1.13753364e+00 -3.90171573e-03
 -3.34182375e-01 1.13771682e+00 -3.96153048e-03
 -3.29853607e-01 1.13790014e+00 -4.02080896e-03
 -3.25524463e-01 1.13808287e+00 -4.07966296e-03
 -3.21194967e-01 1.13826427e+00 -4.13820422e-03
 -3.16865142e-01 1.13844360e+00 -4.19654450e-03
 -3.12535009e-01 1.13862014e+00 -4.25479553e-03
 -3.08204588e-01 1.13879314e+00 -4.31306901e-03
 -3.03873900e-01 1.13896188e+00 -4.37147665e-03
 -2.99542962e-01 1.13912562e+00 -4.43013010e-03
 -2.95211791e-01 1.13928362e+00 -4.48914103e-03
 -2.90880404e-01 1.13943514e+00 -4.54862105e-03
 -2.86548816e-01 1.13957945e+00 -4.60868177e-03
 -2.82217039e-01 1.13971582e+00 -4.66943475e-03
 -2.77885088e-01 1.13984350e+00 -4.73099151e-03
 -2.73552973e-01 1.13996176e+00 -4.79346354e-03
 -2.69220704e-01 1.14006987e+00 -4.85696227e-03
 -2.64904532e-01 1.14018715e+00 -5.02809320e-03
 -2.60571681e-01 1.14027269e+00 -5.09373396e-03
 -2.56238285e-01 1.14034534e+00 -5.15790303e-03
 -2.51904041e-01 1.14040391e+00 -5.21844295e-03
 -2.47568670e-01 1.14044725e+00 -5.27319576e-03
 -2.43231914e-01 1.14047420e+00 -5.32000319e-03
 -2.38893533e-01 1.14048358e+00 -5.35670693e-03
 -2.34553314e-01 1.14047424e+00 -5.38114889e-03
 -2.30211062e-01 1.14044501e+00 -5.39117156e-03
 -2.25866605e-01 1.14039472e+00 -5.38461837e-03
 -2.21519793e-01 1.14032223e+00 -5.35933417e-03
 -2.17170497e-01 1.14022638e+00 -5.31316564e-03
 -2.12826988e-01 1.14019025e+00 -5.31235992e-03
 -2.08475843e-01 1.14008105e+00 -5.24788448e-03
 -2.04125723e-01 1.13998605e+00 -5.18939230e-03
 -1.99776347e-01 1.13990422e+00 -5.13481857e-03
 -1.95427452e-01 1.13983450e+00 -5.08209930e-03
 -1.91078798e-01 1.13977584e+00 -5.02917113e-03
 -1.86730164e-01 1.13972719e+00 -4.97397123e-03
 -1.82381351e-01 1.13968752e+00 -4.91443726e-03
 -1.78032180e-01 1.13965576e+00 -4.84850734e-03
 -1.73682703e-01 1.13963127e+00 -4.77621759e-03
 -1.69332508e-01 1.13961250e+00 -4.69286897e-03
 -1.64981880e-01 1.13959919e+00 -4.60055694e-03
 -1.60630915e-01 1.13959075e+00 -4.49962962e-03
 -1.56279712e-01 1.13958657e+00 -4.39043520e-03
 -1.51928361e-01 1.13958608e+00 -4.27332188e-03
 -1.47576953e-01 1.13958866e+00 -4.14863796e-03
 -1.43225572e-01 1.13959374e+00 -4.01673175e-03
 -1.38874301e-01 1.13960071e+00 -3.87795165e-03
 -1.34523218e-01 1.13960898e+00 -3.73264611e-03
 -1.30172398e-01 1.13961796e+00 -3.58116366e-03
 -1.25821913e-01 1.13962706e+00 -3.42385288e-03
 -1.21471831e-01 1.13963568e+00 -3.26106244e-03
 -1.17122217e-01 1.13964323e+00 -3.09314107e-03
 -1.12773131e-01 1.13964912e+00 -2.92043755e-03
 -1.08424632e-01 1.13965276e+00 -2.74330077e-03
 -1.04076773e-01 1.13965355e+00 -2.56207964e-03
 -9.97296060e-02 1.13965090e+00 -2.37712316e-03
 -9.53831773e-02 1.13964423e+00 -2.18878038e-03
 -9.10375309e-02 1.13963293e+00 -1.99740040e-03
 -8.66927070e-02 1.13961643e+00 -1.80333237e-03
 -8.23520683e-02 1.13960732e+00 -1.67694538e-03
 -7.80088180e-02 1.13957861e+00 -1.47848188e-03
 -7.36664971e-02 1.13954295e+00 -1.27853528e-03
 -6.93251341e-02 1.13949977e+00 -1.07754557e-03
 -6.49847535e-02 1.13944850e+00 -8.75952689e-04
 -6.06453751e-02 1.13938856e+00 -6.74196514e-04
 -5.63070145e-02 1.13931939e+00 -4.72716843e-04
 -5.19696828e-02 1.13924041e+00 -2.71953386e-04
 -4.76333867e-02 1.13915105e+00 -7.23457418e-05
 -4.32981285e-02 1.13905074e+00 1.25666613e-04
 -3.89639062e-02 1.13893892e+00 3.21644342e-04
 -3.46307132e-02 1.13881502e+00 5.15148265e-04
 -3.02985387e-02 1.13867846e+00 7.05739376e-04
 -2.59673674e-02 1.13852868e+00 8.92978863e-04
 -2.16371797e-02 1.13836511e+00 1.07642813e-03
 -1.73079516e-02 1.13818718e+00 1.25564880e-03
 -1.29796545e-02 1.13799432e+00 1.43020276e-03
 -8.65225578e-03 1.13778597e+00 1.59965218e-03
 -4.32571812e-03 1.13756156e+00 1.76355950e-03
 0.00000000e+00 1.13732053e+00 1.92148750e-03
 4.32472571e-03 1.13712484e+00 2.16052516e-03
 8.64899074e-03 1.13691440e+00 2.25265927e-03
 1.29732207e-02 1.13674989e+00 2.28805098e-03
 1.72978083e-02 1.13662933e+00 2.26998047e-03
 2.16231136e-02 1.13655075e+00 2.20171675e-03
 2.59494643e-02 1.13651217e+00 2.08651952e-03
 3.02771554e-02 1.13651163e+00 1.92764097e-03
 3.46064496e-02 1.13654718e+00 1.72832755e-03
 3.89375772e-02 1.13661686e+00 1.49182147e-03
 4.32707361e-02 1.13671874e+00 1.22136221e-03
 4.76060920e-02 1.13685087e+00 9.20187886e-04
 5.19437781e-02 1.13701130e+00 5.91536459e-04
 5.62838952e-02 1.13719810e+00 2.38646907e-04
 6.06265117e-02 1.13740934e+00 -1.35239765e-04
 6.49716633e-02 1.13764305e+00 -5.26879608e-04
 6.93193533e-02 1.13789732e+00 -9.33024922e-04
 7.36695523e-02 1.13817018e+00 -1.35042356e-03
 7.80221982e-02 1.13845969e+00 -1.77581834e-03
 8.23771958e-02 1.13876390e+00 -2.20594657e-03
 8.67344174e-02 1.13908086e+00 -2.63753969e-03
 9.10937019e-02 1.13940859e+00 -3.06732302e-03
 9.54768436e-02 1.13982046e+00 -3.89180390e-03
 9.98401770e-02 1.14016242e+00 -4.30009758e-03
 1.04202994e-01 1.14050340e+00 -4.66575411e-03
 1.08563217e-01 1.14083674e+00 -4.96066717e-03
 1.12918488e-01 1.14115572e+00 -5.15670173e-03
 1.17266165e-01 1.14145363e+00 -5.22571170e-03
 1.21603326e-01 1.14172371e+00 -5.13956380e-03
 1.25926771e-01 1.14195922e+00 -4.87016769e-03
 1.30233024e-01 1.14215340e+00 -4.38951218e-03
 1.34518340e-01 1.14229949e+00 -3.66970753e-03
 1.38778707e-01 1.14239076e+00 -2.68303378e-03
 1.43009856e-01 1.14242051e+00 -1.40199485e-03
 1.47207266e-01 1.14238209e+00 2.00621685e-04
 1.51366174e-01 1.14226889e+00 2.15167941e-03
 1.55481587e-01 1.14207441e+00 4.47762281e-03
 1.59548292e-01 1.14179221e+00 7.20440226e-03
 1.63560874e-01 1.14141600e+00 1.03573947e-02
 1.67513725e-01 1.14093961e+00 1.39613203e-02
 1.71401065e-01 1.14035704e+00 1.80401563e-02
 1.75216960e-01 1.13966245e+00 2.26170476e-02
 1.78955342e-01 1.13885025e+00 2.77142153e-02
 1.82340286e-01 1.13743508e+00 3.58621005e-02
 1.85904634e-01 1.13638181e+00 4.20086794e-02
 1.89386221e-01 1.13521818e+00 4.86177289e-02
 1.92788279e-01 1.13395418e+00 5.56309882e-02
 1.96114542e-01 1.13259973e+00 6.29908798e-02
 1.99369217e-01 1.13116466e+00 7.06406670e-02
 2.02556962e-01 1.12965866e+00 7.85245842e-02
 2.05682858e-01 1.12809126e+00 8.65879433e-02
 2.08751741e-01 1.12646528e+00 9.47822529e-02
 2.11775654e-01 1.12485223e+00 1.03007317e-01
 2.14759974e-01 1.12325032e+00 1.11220816e-01
 2.17711487e-01 1.12166862e+00 1.19373129e-01
 2.20637301e-01 1.12011596e+00 1.27415893e-01
 2.23544840e-01 1.11860093e+00 1.35301951e-01
 2.26441835e-01 1.11713192e+00 1.42985297e-01
 2.29336322e-01 1.11571715e+00 1.50420999e-01
 2.32236641e-01 1.11436461e+00 1.57565106e-01
 2.35151440e-01 1.11308219e+00 1.64374543e-01
 2.38089682e-01 1.11187762e+00 1.70806993e-01
 2.41060656e-01 1.11075853e+00 1.76820768e-01
 2.44073993e-01 1.10973248e+00 1.82374659e-01
 2.47575868e-01 1.10932904e+00 1.84701631e-01
 2.50699575e-01 1.10849807e+00 1.89284193e-01
 2.53875094e-01 1.10775790e+00 1.93413874e-01
 2.57100362e-01 1.10710198e+00 1.97123272e-01
 2.60373126e-01 1.10652394e+00 2.00444186e-01
 2.63690933e-01 1.10601756e+00 2.03407717e-01
 2.67051128e-01 1.10557671e+00 2.06044361e-01
 2.70450842e-01 1.10519537e+00 2.08384094e-01
 2.73886985e-01 1.10486762e+00 2.10456449e-01
 2.77356241e-01 1.10458759e+00 2.12290580e-01
 2.80855064e-01 1.10434949e+00 2.13915328e-01
 2.84379664e-01 1.10414756e+00 2.15359267e-01
 2.87926010e-01 1.10397608e+00 2.16650755e-01
 2.91489821e-01 1.10382938e+00 2.17817971e-01
 2.95066563e-01 1.10370180e+00 2.18888945e-01
 2.98651446e-01 1.10358769e+00 2.19891588e-01
 3.02239420e-01 1.10348142e+00 2.20853706e-01
 3.05825178e-01 1.10337739e+00 2.21803016e-01
 3.09403150e-01 1.10327000e+00 2.22767149e-01
 3.12967509e-01 1.10315365e+00 2.23773654e-01
 3.16308144e-01 1.10283586e+00 2.25821552e-01
 3.19825843e-01 1.10268620e+00 2.26988017e-01
 3.23318902e-01 1.10251801e+00 2.28241963e-01
 3.26788755e-01 1.10233285e+00 2.29573773e-01
 3.30236931e-01 1.10213227e+00 2.30973849e-01
 3.33665046e-01 1.10191782e+00 2.32432624e-01
 3.37074804e-01 1.10169105e+00 2.33940565e-01
 3.40467999e-01 1.10145350e+00 2.35488176e-01
 3.43846506e-01 1.10120671e+00 2.37066000e-01
 3.47212287e-01 1.10095222e+00 2.38664626e-01
 3.50567388e-01 1.10069154e+00 2.40274688e-01
 3.53913936e-01 1.10042621e+00 2.41886868e-01
 3.57254139e-01 1.10015773e+00 2.43491893e-01
 3.60590290e-01 1.09988762e+00 2.45080541e-01
 3.63924758e-01 1.09961736e+00 2.46643634e-01
 3.67259995e-01 1.09934846e+00 2.48172040e-01
 3.70598534e-01 1.09908239e+00 2.49656671e-01
 3.73898155e-01 1.09856901e+00 2.51266035e-01
 3.77250194e-01 1.09830962e+00 2.52638282e-01
 3.80613272e-01 1.09805564e+00 2.53941014e-01
 3.83990452e-01 1.09780971e+00 2.55164455e-01
 3.87589310e-01 1.09772455e+00 2.55520104e-01
 3.91004717e-01 1.09750147e+00 2.56561310e-01
 3.94438824e-01 1.09729058e+00 2.57513147e-01
 3.97890796e-01 1.09709152e+00 2.58381193e-01
 4.01359748e-01 1.09690397e+00 2.59170998e-01
 4.04844750e-01 1.09672758e+00 2.59888079e-01
 4.08344823e-01 1.09656200e+00 2.60537932e-01
 4.11858939e-01 1.09640691e+00 2.61126027e-01
 4.15386020e-01 1.09626197e+00 2.61657815e-01
 4.18924942e-01 1.09612685e+00 2.62138730e-01
 4.22474528e-01 1.09600124e+00 2.62574190e-01
 4.26033550e-01 1.09588479e+00 2.62969600e-01
 4.29600733e-01 1.09577720e+00 2.63330354e-01
 4.33174747e-01 1.09567814e+00 2.63661836e-01
 4.36754213e-01 1.09558729e+00 2.63969420e-01
 4.40337699e-01 1.09550434e+00 2.64258476e-01
 4.43923724e-01 1.09542896e+00 2.64534365e-01
 4.47510751e-01 1.09536086e+00 2.64802443e-01
 4.51097194e-01 1.09529970e+00 2.65068062e-01
 4.54681414e-01 1.09524519e+00 2.65336569e-01
 4.58261719e-01 1.09519701e+00 2.65613306e-01
 4.61737756e-01 1.09509461e+00 2.66216662e-01
 4.65305923e-01 1.09505920e+00 2.66520343e-01
 4.68870268e-01 1.09503247e+00 2.66831220e-01
 4.72432678e-01 1.09501627e+00 2.67143280e-01
 4.75995095e-01 1.09501247e+00 2.67450514e-01
 4.79559523e-01 1.09502295e+00 2.67746919e-01
 4.83128022e-01 1.09504958e+00 2.68026498e-01
 4.86702710e-01 1.09509421e+00 2.68283258e-01
 4.90285766e-01 1.09515874e+00 2.68511208e-01
 4.93879426e-01 1.09524502e+00 2.68704359e-01
 4.97485990e-01 1.09535494e+00 2.68856719e-01
 5.01107815e-01 1.09549039e+00 2.68962295e-01
 5.04747324e-01 1.09565325e+00 2.69015087e-01
 5.08406999e-01 1.09584543e+00 2.69009085e-01
 5.12089389e-01 1.09606883e+00 2.68938267e-01
 5.15797110e-01 1.09632538e+00 2.68796595e-01
 5.19532843e-01 1.09661700e+00 2.68578010e-01
 5.23299340e-01 1.09694566e+00 2.68276430e-01
 5.27099424e-01 1.09731332e+00 2.67885741e-01
 5.30935992e-01 1.09772198e+00 2.67399795e-01
 5.34812017e-01 1.09817364e+00 2.66812404e-01
 5.38710909e-01 1.09865993e+00 2.66170783e-01
 5.42671375e-01 1.09920184e+00 2.65371415e-01
 5.46672422e-01 1.09978864e+00 2.64473835e-01
 5.50712430e-01 1.10041995e+00 2.63484328e-01
 5.54787681e-01 1.10108772e+00 2.62414566e-01
 5.58871637e-01 1.10169851e+00 2.61335973e-01
 5.62966766e-01 1.10227006e+00 2.60242269e-01
 5.67070908e-01 1.10280272e+00 2.59139358e-01
 5.71181836e-01 1.10329683e+00 2.58033166e-01
 5.75297255e-01 1.10375273e+00 2.56929641e-01
 5.79414802e-01 1.10417078e+00 2.55834752e-01
 5.83532046e-01 1.10455130e+00 2.54754488e-01
 5.87646491e-01 1.10489464e+00 2.53694854e-01
 5.91755573e-01 1.10520116e+00 2.52661876e-01
 5.95856659e-01 1.10547120e+00 2.51661593e-01
 5.99947055e-01 1.10570513e+00 2.50700056e-01
 6.04023998e-01 1.10590330e+00 2.49783328e-01
 6.08084663e-01 1.10606609e+00 2.48917482e-01
 6.12126163e-01 1.10619389e+00 2.48108595e-01
 6.16145545e-01 1.10628707e+00 2.47362746e-01
 6.20139800e-01 1.10634605e+00 2.46686016e-01
 6.24244240e-01 1.10643618e+00 2.45754999e-01
 6.28190875e-01 1.10643313e+00 2.45208501e-01
 6.32122436e-01 1.10640606e+00 2.44703900e-01
 6.36045752e-01 1.10635991e+00 2.44224486e-01
 6.39967835e-01 1.10629959e+00 2.43753518e-01
 6.43895869e-01 1.10623000e+00 2.43274232e-01
 6.47837221e-01 1.10615608e+00 2.42769841e-01
 6.51799433e-01 1.10608273e+00 2.42223531e-01
 6.55790232e-01 1.10601486e+00 2.41618462e-01
 6.59817526e-01 1.10595740e+00 2.40937755e-01
 6.63889413e-01 1.10591525e+00 2.40164486e-01
 6.68014188e-01 1.10589334e+00 2.39281673e-01
 6.72200346e-01 1.10589659e+00 2.38272261e-01
 6.76456594e-01 1.10592994e+00 2.37119109e-01
 6.80791860e-01 1.10599835e+00 2.35804961e-01
 6.85215306e-01 1.10610680e+00 2.34312433e-01
 6.89736340e-01 1.10626031e+00 2.32623981e-01
 6.94364631e-01 1.10646394e+00 2.30721875e-01
 6.99110127e-01 1.10672278e+00 2.28588169e-01
 7.03983073e-01 1.10704200e+00 2.26204661e-01
 7.08463758e-01 1.10720681e+00 2.24681109e-01
 7.13616131e-01 1.10766072e+00 2.21752118e-01
 7.18914862e-01 1.10818531e+00 2.18545834e-01
 7.24360286e-01 1.10878155e+00 2.15065916e-01
 7.29952766e-01 1.10945051e+00 2.11315878e-01
 7.35692703e-01 1.11019329e+00 2.07299092e-01
 7.41580524e-01 1.11101109e+00 2.03018798e-01
 7.47616689e-01 1.11190514e+00 1.98478113e-01
 7.53801680e-01 1.11287676e+00 1.93680032e-01
 7.60136008e-01 1.11392734e+00 1.88627440e-01
 7.66620208e-01 1.11505832e+00 1.83323115e-01
 7.73254833e-01 1.11627124e+00 1.77769736e-01
 7.80040460e-01 1.11756768e+00 1.71969887e-01
 7.86980366e-01 1.11895654e+00 1.65920725e-01
 7.94048909e-01 1.12036929e+00 1.59676731e-01
 8.01253459e-01 1.12182716e+00 1.53226258e-01
 8.08592996e-01 1.12332884e+00 1.46574345e-01
 8.16066418e-01 1.12487294e+00 1.39726090e-01
 8.23672534e-01 1.12645809e+00 1.32686663e-01
 8.31410060e-01 1.12808288e+00 1.25461319e-01
 8.39277611e-01 1.12974587e+00 1.18055402e-01
 8.48001746e-01 1.13171894e+00 1.09080959e-01
 8.56122641e-01 1.13345198e+00 1.01341016e-01
 8.64340389e-01 1.13520817e+00 9.34908281e-02
 8.72633133e-01 1.13697865e+00 8.55731976e-02
 8.80978010e-01 1.13875432e+00 7.76320099e-02
 8.89351123e-01 1.14052580e+00 6.97122607e-02
 8.97727524e-01 1.14228349e+00 6.18600644e-02
 9.06081207e-01 1.14401753e+00 5.41226467e-02
 9.14385099e-01 1.14571781e+00 4.65483205e-02
 9.22611079e-01 1.14737399e+00 3.91864419e-02
 9.30729994e-01 1.14897550e+00 3.20873486e-02
 9.38711692e-01 1.15051158e+00 2.53022767e-02
 9.46525072e-01 1.15197126e+00 1.88832568e-02
 9.54138139e-01 1.15334346e+00 1.28829888e-02
 9.61518084e-01 1.15461692e+00 7.35469347e-03
 9.68631364e-01 1.15578033e+00 2.35194244e-03
 9.75443818e-01 1.15682232e+00 -2.07153475e-03
 9.81920773e-01 1.15773153e+00 -5.86206577e-03
 9.88027193e-01 1.15849665e+00 -8.96627197e-03
 9.93727816e-01 1.15910646e+00 -1.13313255e-02
 9.98987329e-01 1.15954993e+00 -1.29052252e-02
 1.00277036e+00 1.15947115e+00 -1.18976520e-02
 1.00711324e+00 1.15957553e+00 -1.18682241e-02
 1.01107212e+00 1.15953718e+00 -1.11769853e-02
 1.01470665e+00 1.15937752e+00 -9.93484940e-03
 1.01807780e+00 1.15911807e+00 -8.25313014e-03
 1.02124769e+00 1.15878041e+00 -6.24312784e-03
 1.02427930e+00 1.15838608e+00 -4.01580802e-03
 1.02723643e+00 1.15795653e+00 -1.68157216e-03
 1.03018355e+00 1.15751308e+00 6.49879684e-04
 1.03318577e+00 1.15707695e+00 2.86959581e-03
 1.03630889e+00 1.15666916e+00 4.86933063e-03
 1.03961941e+00 1.15631065e+00 6.54141489e-03
 1.04318472e+00 1.15602226e+00 7.77853953e-03
 1.04707324e+00 1.15582478e+00 8.47345389e-03
 1.05135466e+00 1.15573903e+00 8.51857792e-03
 1.05610023e+00 1.15578593e+00 7.80552706e-03
 1.06138315e+00 1.15598662e+00 6.22454714e-03
 1.06727894e+00 1.15636255e+00 3.66385430e-03
 1.07386600e+00 1.15693562e+00 8.87368587e-06
 1.08122613e+00 1.15772838e+00 -4.85863286e-03
 1.08944523e+00 1.15876414e+00 -1.10615620e-02
