 -4.94272701e+00 8.35108041e+00 2.52013402e+01
 -4.87690379e+00 8.35230493e+00 2.52000813e+01
 -4.81107842e+00 8.35352949e+00 2.51988224e+01
 -4.73385263e+00 8.29826639e+00 2.53823451e+01
 -4.66818097e+00 8.29948852e+00 2.53810908e+01
 -4.60250717e+00 8.30071068e+00 2.53798364e+01
 -4.53683122e+00 8.30193288e+00 2.53785820e+01
 -4.48191923e+00 8.35965273e+00 2.51925276e+01
 -4.40547288e+00 8.30437736e+00 2.53760732e+01
 -4.35024046e+00 8.36210225e+00 2.51900094e+01
 -4.27410594e+00 8.30682197e+00 2.53735642e+01
 -4.21855308e+00 8.36455189e+00 2.51874911e+01
 -4.16271719e+00 8.42248686e+00 2.50007544e+01
 -4.08685707e+00 8.36700166e+00 2.51849726e+01
 -4.02100583e+00 8.36822660e+00 2.51837133e+01
 -3.96468748e+00 8.42616915e+00 2.49969626e+01
 -3.88929688e+00 8.37067655e+00 2.51811947e+01
 -3.83265685e+00 8.42862417e+00 2.49944346e+01
 -3.76663828e+00 8.42985172e+00 2.49931706e+01
 -3.69171729e+00 8.37435173e+00 2.51774165e+01
 -3.63459467e+00 8.43230693e+00 2.49906424e+01
 -3.56856961e+00 8.43353458e+00 2.49893782e+01
 -3.50254239e+00 8.43476226e+00 2.49881141e+01
 -3.43651301e+00 8.43598998e+00 2.49868498e+01
 -3.37048146e+00 8.43721772e+00 2.49855856e+01
 -3.30444774e+00 8.43844550e+00 2.49843213e+01
 -3.23841187e+00 8.43967331e+00 2.49830570e+01
 -3.17237382e+00 8.44090115e+00 2.49817927e+01
 -3.10633361e+00 8.44212902e+00 2.49805283e+01
 -3.04029124e+00 8.44335692e+00 2.49792639e+01
 -2.97424670e+00 8.44458486e+00 2.49779994e+01
 -2.90819999e+00 8.44581282e+00 2.49767350e+01
 -2.84215112e+00 8.44704082e+00 2.49754705e+01
 -2.77610009e+00 8.44826885e+00 2.49742059e+01
 -2.71004689e+00 8.44949691e+00 2.49729413e+01
 -2.64399152e+00 8.45072500e+00 2.49716767e+01
 -2.57793399e+00 8.45195312e+00 2.49704121e+01
 -2.51187429e+00 8.45318128e+00 2.49691474e+01
 -2.45171663e+00 8.51138594e+00 2.47816259e+01
 -2.37974839e+00 8.45563768e+00 2.49666180e+01
 -2.31368219e+00 8.45686593e+00 2.49653532e+01
 -2.24761383e+00 8.45809422e+00 2.49640884e+01
 -2.18154330e+00 8.45932253e+00 2.49628236e+01
 -2.11547061e+00 8.46055087e+00 2.49615587e+01
 -2.04939574e+00 8.46177925e+00 2.49602938e+01
 -1.98331872e+00 8.46300766e+00 2.49590289e+01
 -1.91723952e+00 8.46423609e+00 2.49577640e+01
 -1.85115816e+00 8.46546457e+00 2.49564990e+01
 -1.78507463e+00 8.46669307e+00 2.49552339e+01
 -1.72313898e+00 8.52492572e+00 2.47676606e+01
 -1.65689160e+00 8.52615680e+00 2.47663908e+01
 -1.59064205e+00 8.52738791e+00 2.47651210e+01
 -1.52439032e+00 8.52861905e+00 2.47638512e+01
 -1.45813641e+00 8.52985023e+00 2.47625813e+01
 -1.39188033e+00 8.53108143e+00 2.47613114e+01
 -1.32562208e+00 8.53231267e+00 2.47600414e+01
 -1.25936164e+00 8.53354394e+00 2.47587715e+01
 -1.19309904e+00 8.53477524e+00 2.47575015e+01
 -1.12683426e+00 8.53600657e+00 2.47562314e+01
 -1.06056730e+00 8.53723793e+00 2.47549614e+01
 -9.94298164e-01 8.53846933e+00 2.47536913e+01
 -9.28026854e-01 8.53970076e+00 2.47524211e+01
 -8.61753368e-01 8.54093222e+00 2.47511510e+01
 -7.95477706e-01 8.54216371e+00 2.47498808e+01
 -7.29199868e-01 8.54339523e+00 2.47486105e+01
 -6.62919854e-01 8.54462678e+00 2.47473403e+01
 -5.96637663e-01 8.54585837e+00 2.47460700e+01
 -5.30353296e-01 8.54708999e+00 2.47447997e+01
 -4.64066753e-01 8.54832164e+00 2.47435293e+01
 -3.97778033e-01 8.54955332e+00 2.47422589e+01
 -3.31487136e-01 8.55078503e+00 2.47409885e+01
 -2.65194063e-01 8.55201677e+00 2.47397180e+01
 -1.99379644e-01 8.61051336e+00 2.45513688e+01
 -1.32921948e-01 8.61174770e+00 2.45500935e+01
 -6.64620666e-02 8.61298207e+00 2.45488183e+01
 0.00000000e+00 8.61421646e+00 2.45475430e+01
 6.66251161e-02 8.67292980e+00 2.43585037e+01
 1.32930689e-01 8.61668536e+00 2.45449923e+01
 1.99399311e-01 8.61791985e+00 2.45437169e+01
 2.65870119e-01 8.61915438e+00 2.45424414e+01
 3.32343113e-01 8.62038894e+00 2.45411660e+01
 3.98818292e-01 8.62162353e+00 2.45398905e+01
 4.65295657e-01 8.62285815e+00 2.45386149e+01
 5.31775208e-01 8.62409280e+00 2.45373394e+01
 5.96814013e-01 8.56803233e+00 2.47231990e+01
 6.63137569e-01 8.56926452e+00 2.47219281e+01
 7.29463303e-01 8.57049674e+00 2.47206572e+01
 7.95791216e-01 8.57172899e+00 2.47193862e+01
 8.60044247e-01 8.51585903e+00 2.49046062e+01
 9.28453576e-01 8.57419359e+00 2.47168441e+01
 9.92391295e-01 8.51831866e+00 2.49020735e+01
 1.06112465e+00 8.57665832e+00 2.47143019e+01
 1.12474702e+00 8.52077841e+00 2.48995406e+01
 1.19380444e+00 8.57912317e+00 2.47117596e+01
 1.25711144e+00 8.52323829e+00 2.48970076e+01
 1.32329690e+00 8.52446827e+00 2.48957411e+01
 1.38948453e+00 8.52569829e+00 2.48944745e+01
 1.45567433e+00 8.52692834e+00 2.48932078e+01
 1.52186631e+00 8.52815842e+00 2.48919412e+01
 1.58806045e+00 8.52938854e+00 2.48906745e+01
 1.65425677e+00 8.53061868e+00 2.48894078e+01
 1.72045526e+00 8.53184886e+00 2.48881410e+01
 1.78665592e+00 8.53307906e+00 2.48868743e+01
 1.85285875e+00 8.53430930e+00 2.48856074e+01
 1.91906375e+00 8.53553957e+00 2.48843406e+01
 1.98527092e+00 8.53676988e+00 2.48830737e+01
 2.05148027e+00 8.53800021e+00 2.48818068e+01
 2.11769179e+00 8.53923057e+00 2.48805399e+01
 2.18390548e+00 8.54046097e+00 2.48792729e+01
 2.25012134e+00 8.54169140e+00 2.48780059e+01
 2.31633937e+00 8.54292186e+00 2.48767388e+01
 2.38831476e+00 8.60131255e+00 2.46888728e+01
 2.45469715e+00 8.60254559e+00 2.46876010e+01
 2.51500650e+00 8.54661343e+00 2.48729375e+01
 2.58746848e+00 8.60501178e+00 2.46850573e+01
 2.65385741e+00 8.60624492e+00 2.46837854e+01
 2.71369318e+00 8.55030529e+00 2.48691359e+01
 2.77992642e+00 8.55153597e+00 2.48678686e+01
 2.84616183e+00 8.55276668e+00 2.48666013e+01
 2.91239941e+00 8.55399743e+00 2.48653340e+01
 2.97863917e+00 8.55522820e+00 2.48640666e+01
 3.04488110e+00 8.55645901e+00 2.48627992e+01
 3.11112520e+00 8.55768985e+00 2.48615318e+01
 3.17737148e+00 8.55892072e+00 2.48602643e+01
 3.24361993e+00 8.56015163e+00 2.48589968e+01
 3.30987055e+00 8.56138256e+00 2.48577293e+01
 3.37612335e+00 8.56261353e+00 2.48564617e+01
 3.44237831e+00 8.56384453e+00 2.48551941e+01
 3.50018891e+00 8.50807490e+00 2.50399448e+01
 3.56628864e+00 8.50930345e+00 2.50386818e+01
 3.63239054e+00 8.51053203e+00 2.50374188e+01
 3.69849460e+00 8.51176064e+00 2.50361557e+01
 3.77368576e+00 8.56999999e+00 2.48488557e+01
 3.83995377e+00 8.57123118e+00 2.48475879e+01
 3.89681978e+00 8.51544667e+00 2.50323663e+01
 3.96293251e+00 8.51667541e+00 2.50311032e+01
 4.02904740e+00 8.51790418e+00 2.50298399e+01
 4.09516446e+00 8.51913298e+00 2.50285767e+01
 4.16128368e+00 8.52036181e+00 2.50273134e+01
 4.22740507e+00 8.52159068e+00 2.50260501e+01
 4.29352863e+00 8.52281958e+00 2.50247868e+01
 4.35965436e+00 8.52404850e+00 2.50235234e+01
 4.42578225e+00 8.52527746e+00 2.50222600e+01
 4.49191230e+00 8.52650646e+00 2.50209965e+01
 4.55804453e+00 8.52773548e+00 2.50197331e+01
 4.62417892e+00 8.52896453e+00 2.50184695e+01
 4.67903517e+00 8.47334927e+00 2.52026509e+01
 4.74501473e+00 8.47457588e+00 2.52013920e+01
 4.82259509e+00 8.53265189e+00 2.50146788e+01
 4.90053766e+00 8.59093450e+00 2.48272988e+01
