 -2.18651180e-01 5.01546728e-01 4.45867398e-01
 -2.15432131e-01 5.01521705e-01 4.45888833e-01
 -2.12213189e-01 5.01496683e-01 4.45910266e-01
 -2.08994355e-01 5.01471662e-01 4.45931698e-01
 -2.05775629e-01 5.01446642e-01 4.45953129e-01
 -2.01791694e-01 5.02493121e-01 4.50833701e-01
 -1.98585355e-01 5.02468176e-01 4.50854972e-01
 -1.95379121e-01 5.02443232e-01 4.50876242e-01
 -1.92172994e-01 5.02418290e-01 4.50897512e-01
 -1.88966974e-01 5.02393348e-01 4.50918780e-01
 -1.85761060e-01 5.02368408e-01 4.50940047e-01
 -1.82555253e-01 5.02343469e-01 4.50961313e-01
 -1.79349552e-01 5.02318532e-01 4.50982578e-01
 -1.76143958e-01 5.02293595e-01 4.51003842e-01
 -1.72938470e-01 5.02268660e-01 4.51025105e-01
 -1.69733088e-01 5.02243726e-01 4.51046367e-01
 -1.66527813e-01 5.02218793e-01 4.51067628e-01
 -1.63322645e-01 5.02193862e-01 4.51088888e-01
 -1.60117583e-01 5.02168931e-01 4.51110146e-01
 -1.56912627e-01 5.02144002e-01 4.51131404e-01
 -1.53707778e-01 5.02119075e-01 4.51152661e-01
 -1.50503035e-01 5.02094148e-01 4.51173916e-01
 -1.47298398e-01 5.02069223e-01 4.51195171e-01
 -1.44093868e-01 5.02044299e-01 4.51216424e-01
 -1.40889444e-01 5.02019376e-01 4.51237677e-01
 -1.37685127e-01 5.01994454e-01 4.51258928e-01
 -1.34480916e-01 5.01969534e-01 4.51280178e-01
 -1.31276811e-01 5.01944614e-01 4.51301428e-01
 -1.28072813e-01 5.01919696e-01 4.51322676e-01
 -1.24868921e-01 5.01894780e-01 4.51343923e-01
 -1.21665136e-01 5.01869864e-01 4.51365169e-01
 -1.18461456e-01 5.01844950e-01 4.51386414e-01
 -1.15257883e-01 5.01820037e-01 4.51407658e-01
 -1.12054417e-01 5.01795125e-01 4.51428901e-01
 -1.08851056e-01 5.01770215e-01 4.51450143e-01
 -1.05647802e-01 5.01745305e-01 4.51471384e-01
 -1.02444655e-01 5.01720397e-01 4.51492624e-01
 -9.92416132e-02 5.01695490e-01 4.51513863e-01
 -9.60386780e-02 5.01670585e-01 4.51535100e-01
 -9.28358491e-02 5.01645680e-01 4.51556337e-01
 -8.96331265e-02 5.01620777e-01 4.51577573e-01
 -8.64305100e-02 5.01595875e-01 4.51598807e-01
 -8.32279999e-02 5.01570974e-01 4.51620041e-01
 -8.00255959e-02 5.01546075e-01 4.51641273e-01
 -7.68232982e-02 5.01521177e-01 4.51662505e-01
 -7.36211067e-02 5.01496280e-01 4.51683735e-01
 -7.04190214e-02 5.01471384e-01 4.51704964e-01
 -6.72170423e-02 5.01446489e-01 4.51726192e-01
 -6.42577882e-02 5.00347009e-01 4.46895044e-01
 -6.10438831e-02 5.00322045e-01 4.46916428e-01
 -5.78300849e-02 5.00297083e-01 4.46937810e-01
 -5.46163937e-02 5.00272122e-01 4.46959191e-01
 -5.14028095e-02 5.00247161e-01 4.46980571e-01
 -4.81893322e-02 5.00222203e-01 4.47001950e-01
 -4.49759618e-02 5.00197245e-01 4.47023328e-01
 -4.17626983e-02 5.00172289e-01 4.47044705e-01
 -3.85495418e-02 5.00147334e-01 4.47066081e-01
 -3.53364922e-02 5.00122380e-01 4.47087456e-01
 -3.22452984e-02 4.99017877e-01 4.42238871e-01
 -2.89107136e-02 5.00072476e-01 4.47130202e-01
 -2.56979847e-02 5.00047525e-01 4.47151574e-01
 -2.24853626e-02 5.00022576e-01 4.47172944e-01
 -1.92728474e-02 4.99997629e-01 4.47194314e-01
 -1.61213037e-02 4.98892774e-01 4.42346515e-01
 -1.28968277e-02 4.98867757e-01 4.42368041e-01
 -9.67245932e-03 4.98842741e-01 4.42389565e-01
 -6.44819859e-03 4.98817726e-01 4.42411089e-01
 -3.21187415e-03 4.99872909e-01 4.47301146e-01
 0.00000000e+00 4.99847968e-01 4.47322509e-01
 3.21176734e-03 4.99823029e-01 4.47343871e-01
 6.42342788e-03 4.99798091e-01 4.47365232e-01
 9.63498162e-03 4.99773155e-01 4.47386592e-01
 1.28464286e-02 4.99748219e-01 4.47407951e-01
 1.60577687e-02 4.99723285e-01 4.47429309e-01
 1.92690021e-02 4.99698352e-01 4.47450666e-01
 2.23952864e-02 5.00749941e-01 4.52320158e-01
 2.55941890e-02 5.00725082e-01 4.52341356e-01
 2.87929857e-02 5.00700225e-01 4.52362553e-01
 3.19916765e-02 5.00675368e-01 4.52383749e-01
 3.51902613e-02 5.00650513e-01 4.52404943e-01
 3.83887401e-02 5.00625659e-01 4.52426137e-01
 4.15871130e-02 5.00600806e-01 4.52447330e-01
 4.47853800e-02 5.00575955e-01 4.52468521e-01
 4.79835411e-02 5.00551105e-01 4.52489712e-01
 5.11815963e-02 5.00526256e-01 4.52510901e-01
 5.43795455e-02 5.00501408e-01 4.52532090e-01
 5.75773889e-02 5.00476561e-01 4.52553277e-01
 6.07751264e-02 5.00451716e-01 4.52574463e-01
 6.39727579e-02 5.00426872e-01 4.52595649e-01
 6.71702837e-02 5.00402029e-01 4.52616833e-01
 7.03677035e-02 5.00377187e-01 4.52638016e-01
 7.35650175e-02 5.00352346e-01 4.52659198e-01
 7.67622257e-02 5.00327507e-01 4.52680379e-01
 7.99593280e-02 5.00302669e-01 4.52701559e-01
 8.31563245e-02 5.00277832e-01 4.52722738e-01
 8.63532152e-02 5.00252997e-01 4.52743916e-01
 8.95500000e-02 5.00228162e-01 4.52765093e-01
 9.27466790e-02 5.00203329e-01 4.52786269e-01
 9.59432523e-02 5.00178497e-01 4.52807444e-01
 9.91397197e-02 5.00153667e-01 4.52828618e-01
 1.02336081e-01 5.00128837e-01 4.52849791e-01
 1.05532337e-01 5.00104009e-01 4.52870962e-01
 1.08728487e-01 5.00079182e-01 4.52892133e-01
 1.11924532e-01 5.00054356e-01 4.52913303e-01
 1.15120470e-01 5.00029532e-01 4.52934471e-01
 1.18316303e-01 5.00004708e-01 4.52955639e-01
 1.21512030e-01 4.99979886e-01 4.52976805e-01
 1.24707652e-01 4.99955066e-01 4.52997971e-01
 1.27903167e-01 4.99930246e-01 4.53019135e-01
 1.31098577e-01 4.99905427e-01 4.53040298e-01
 1.34293881e-01 4.99880610e-01 4.53061461e-01
 1.37489080e-01 4.99855794e-01 4.53082622e-01
 1.40684173e-01 4.99830980e-01 4.53103782e-01
 1.43879160e-01 4.99806166e-01 4.53124941e-01
 1.47074041e-01 4.99781354e-01 4.53146099e-01
 1.50268817e-01 4.99756543e-01 4.53167256e-01
 1.53463487e-01 4.99731733e-01 4.53188412e-01
 1.56658052e-01 4.99706924e-01 4.53209567e-01
 1.59852511e-01 4.99682117e-01 4.53230721e-01
 1.63046864e-01 4.99657311e-01 4.53251874e-01
 1.66241112e-01 4.99632506e-01 4.53273026e-01
 1.69435254e-01 4.99607702e-01 4.53294177e-01
 1.72629290e-01 4.99582900e-01 4.53315327e-01
 1.75823221e-01 4.99558098e-01 4.53336475e-01
 1.79017046e-01 4.99533298e-01 4.53357623e-01
 1.82210765e-01 4.99508499e-01 4.53378770e-01
 1.85404379e-01 4.99483702e-01 4.53399915e-01
 1.88597888e-01 4.99458905e-01 4.53421060e-01
 1.91791291e-01 4.99434110e-01 4.53442203e-01
 1.94984588e-01 4.99409316e-01 4.53463346e-01
 1.98177780e-01 4.99384524e-01 4.53484487e-01
 2.01370866e-01 4.99359732e-01 4.53505628e-01
 2.04563847e-01 4.99334942e-01 4.53526767e-01
 2.07756722e-01 4.99310153e-01 4.53547905e-01
 2.10949491e-01 4.99285365e-01 4.53569042e-01
 2.14142155e-01 4.99260579e-01 4.53590179e-01
 2.17334714e-01 4.99235793e-01 4.53611314e-01
 2.20527167e-01 4.99211009e-01 4.53632448e-01
 2.23719515e-01 4.99186226e-01 4.53653581e-01
 2.26911757e-01 4.99161444e-01 4.53674713e-01
 2.30103893e-01 4.99136664e-01 4.53695844e-01
 2.33295925e-01 4.99111885e-01 4.53716974e-01
 2.36487850e-01 4.99087107e-01 4.53738103e-01
 2.39679671e-01 4.99062330e-01 4.53759231e-01
 2.42871386e-01 4.99037554e-01 4.53780358e-01
 2.46062995e-01 4.99012780e-01 4.53801483e-01
 2.49254499e-01 4.98988007e-01 4.53822608e-01
 2.52445897e-01 4.98963235e-01 4.53843732e-01
 2.55637191e-01 4.98938464e-01 4.53864854e-01
 2.58828378e-01 4.98913695e-01 4.53885976e-01
 2.62019461e-01 4.98888926e-01 4.53907097e-01
 2.65210438e-01 4.98864159e-01 4.53928216e-01
 2.68401309e-01 4.98839394e-01 4.53949335e-01
 2.71592076e-01 4.98814629e-01 4.53970452e-01
 2.74782736e-01 4.98789866e-01 4.53991568e-01
 2.77973292e-01 4.98765103e-01 4.54012684e-01
 2.81163742e-01 4.98740343e-01 4.54033798e-01
 2.84354087e-01 4.98715583e-01 4.54054911e-01
 2.87544326e-01 4.98690824e-01 4.54076024e-01
 2.90734461e-01 4.98666067e-01 4.54097135e-01
 2.93924489e-01 4.98641311e-01 4.54118245e-01
 2.97114413e-01 4.98616556e-01 4.54139354e-01
 3.00304231e-01 4.98591803e-01 4.54160462e-01
 3.03493944e-01 4.98567050e-01 4.54181569e-01
 3.06683552e-01 4.98542299e-01 4.54202675e-01
 3.09873054e-01 4.98517549e-01 4.54223780e-01
 3.13062451e-01 4.98492800e-01 4.54244884e-01
 3.16251743e-01 4.98468053e-01 4.54265987e-01
 3.19440930e-01 4.98443307e-01 4.54287089e-01
 3.22630011e-01 4.98418562e-01 4.54308190e-01
 3.25818987e-01 4.98393818e-01 4.54329289e-01
 3.29007858e-01 4.98369075e-01 4.54350388e-01
 3.32196624e-01 4.98344334e-01 4.54371486e-01
 3.35385284e-01 4.98319593e-01 4.54392582e-01
 3.38573839e-01 4.98294855e-01 4.54413678e-01
 3.43054984e-01 4.97186475e-01 4.49602270e-01
 3.46255368e-01 4.97161668e-01 4.49623520e-01
 3.49455646e-01 4.97136862e-01 4.49644768e-01
 3.52655818e-01 4.97112057e-01 4.49666015e-01
 3.55855884e-01 4.97087253e-01 4.49687261e-01
 3.59055844e-01 4.97062450e-01 4.49708506e-01
 3.62255699e-01 4.97037649e-01 4.49729751e-01
 3.65455447e-01 4.97012849e-01 4.49750994e-01
