 -1.08239116e+01 -1.95963655e+01 2.64726577e+01
 -1.07591266e+01 -1.95962396e+01 2.64724545e+01
 -1.06444238e+01 -1.96362538e+01 2.68253708e+01
 -1.06047037e+01 -1.96160939e+01 2.66489245e+01
 -1.05154568e+01 -1.96360028e+01 2.68249673e+01
 -1.04265986e+01 -1.96558406e+01 2.70003830e+01
 -1.03864885e+01 -1.96357518e+01 2.68245638e+01
 -1.02979303e+01 -1.96555900e+01 2.69999810e+01
 -1.02335956e+01 -1.96554648e+01 2.69997800e+01
 -1.01692606e+01 -1.96553395e+01 2.69995789e+01
 -1.01049252e+01 -1.96552142e+01 2.69993779e+01
 -1.00405895e+01 -1.96550889e+01 2.69991769e+01
 -9.92985872e+00 -1.96946803e+01 2.73483488e+01
 -9.84289628e+00 -1.97143084e+01 2.75219070e+01
 -9.77900744e+00 -1.97141837e+01 2.75217081e+01
 -9.73774589e+00 -1.96943057e+01 2.73477500e+01
 -9.65122874e+00 -1.97139344e+01 2.75213103e+01
 -9.58733888e+00 -1.97138097e+01 2.75211114e+01
 -9.52344868e+00 -1.97136850e+01 2.75209125e+01
 -9.43760363e+00 -1.97332445e+01 2.76938603e+01
 -9.37386100e+00 -1.97331201e+01 2.76936621e+01
 -9.31011803e+00 -1.97329956e+01 2.76934639e+01
 -9.24637472e+00 -1.97328711e+01 2.76932657e+01
 -9.16134508e+00 -1.97523621e+01 2.78656051e+01
 -9.09774882e+00 -1.97522378e+01 2.78654076e+01
 -9.03415223e+00 -1.97521136e+01 2.78652101e+01
 -8.97055530e+00 -1.97519893e+01 2.78650126e+01
 -8.90695803e+00 -1.97518650e+01 2.78648151e+01
 -8.82288561e+00 -1.97712880e+01 2.80365499e+01
 -8.73917888e+00 -1.97906425e+01 2.82076806e+01
 -8.67587451e+00 -1.97905186e+01 2.82074844e+01
 -8.61256981e+00 -1.97903948e+01 2.82072883e+01
 -8.52951856e+00 -1.98096816e+01 2.83778194e+01
 -8.48595941e+00 -1.97901470e+01 2.82068961e+01
 -8.40319986e+00 -1.98094343e+01 2.83774285e+01
 -8.30162764e+00 -1.98479292e+01 2.87168970e+01
 -8.23875830e+00 -1.98478059e+01 2.87167030e+01
 -8.17588863e+00 -1.98476827e+01 2.87165089e+01
 -8.13175560e+00 -1.98282834e+01 2.85467788e+01
 -8.08739725e+00 -1.98088159e+01 2.83764513e+01
 -8.00572425e+00 -1.98280364e+01 2.85463893e+01
 -7.90616919e+00 -1.98663988e+01 2.88846777e+01
 -7.86153530e+00 -1.98470663e+01 2.87155385e+01
 -7.78071554e+00 -1.98661526e+01 2.88842909e+01
 -7.71798821e+00 -1.98660295e+01 2.88840975e+01
 -7.67291931e+00 -1.98466965e+01 2.87149563e+01
 -7.61004664e+00 -1.98465732e+01 2.87147622e+01
 -7.52980425e+00 -1.98656603e+01 2.88835173e+01
 -7.46707560e+00 -1.98655372e+01 2.88833239e+01
 -7.40434661e+00 -1.98654141e+01 2.88831305e+01
 -7.30792363e+00 -1.99035121e+01 2.92190729e+01
 -7.26215559e+00 -1.98843121e+01 2.90511056e+01
 -7.18303971e+00 -1.99032668e+01 2.92186888e+01
 -7.12059725e+00 -1.99031441e+01 2.92184967e+01
 -7.05815446e+00 -1.99030214e+01 2.92183047e+01
 -6.99571135e+00 -1.99028987e+01 2.92181126e+01
 -6.93326791e+00 -1.99027760e+01 2.92179205e+01
 -6.87082413e+00 -1.99026533e+01 2.92177285e+01
 -6.80838003e+00 -1.99025306e+01 2.92175364e+01
 -6.73046528e+00 -1.99214205e+01 2.93845411e+01
 -6.66816370e+00 -1.99212980e+01 2.93843497e+01
 -6.60586180e+00 -1.99211755e+01 2.93841583e+01
 -6.51363448e+00 -1.99588815e+01 2.97166253e+01
 -6.46641116e+00 -1.99398778e+01 2.95503943e+01
 -6.38959879e+00 -1.99586373e+01 2.97162452e+01
 -6.32758046e+00 -1.99585152e+01 2.97160551e+01
 -6.26556181e+00 -1.99583931e+01 2.97158650e+01
 -6.17523914e+00 -1.99958400e+01 3.00460410e+01
 -6.12748889e+00 -1.99769661e+01 2.98809545e+01
 -6.03796889e+00 -2.00142843e+01 3.02099932e+01
 -6.00373272e+00 -1.99767223e+01 2.98805756e+01
 -5.94185415e+00 -1.99766004e+01 2.98803862e+01
 -5.87997525e+00 -1.99764784e+01 2.98801968e+01
 -5.81809603e+00 -1.99763565e+01 2.98800073e+01
 -5.75621648e+00 -1.99762346e+01 2.98798179e+01
 -5.68133904e+00 -1.99948662e+01 3.00445309e+01
 -5.61960007e+00 -1.99947445e+01 3.00443421e+01
 -5.55786078e+00 -1.99946228e+01 3.00441534e+01
 -5.49612116e+00 -1.99945011e+01 3.00439646e+01
 -5.43438122e+00 -1.99943793e+01 3.00437758e+01
 -5.37264096e+00 -1.99942576e+01 3.00435870e+01
 -5.31090038e+00 -1.99941359e+01 3.00433983e+01
 -5.24915947e+00 -1.99940141e+01 3.00432095e+01
 -5.18741824e+00 -1.99938924e+01 3.00430207e+01
 -5.12567668e+00 -1.99937707e+01 3.00428319e+01
 -5.06393480e+00 -1.99936490e+01 3.00426432e+01
 -5.00219260e+00 -1.99935272e+01 3.00424544e+01
 -4.94045007e+00 -1.99934055e+01 3.00422656e+01
 -4.87870723e+00 -1.99932838e+01 3.00420768e+01
 -4.81696405e+00 -1.99931620e+01 3.00418880e+01
 -4.75522056e+00 -1.99930403e+01 3.00416993e+01
 -4.69347674e+00 -1.99929186e+01 3.00415105e+01
 -4.63173260e+00 -1.99927968e+01 3.00413217e+01
 -4.56998813e+00 -1.99926751e+01 3.00411329e+01
 -4.50824334e+00 -1.99925534e+01 3.00409441e+01
 -4.44649823e+00 -1.99924316e+01 3.00407554e+01
 -4.38475279e+00 -1.99923099e+01 3.00405666e+01
 -4.32300703e+00 -1.99921881e+01 3.00403778e+01
 -4.25154550e+00 -2.00107597e+01 3.02045376e+01
 -4.18993986e+00 -2.00106381e+01 3.02043494e+01
 -4.14723438e+00 -1.99730646e+01 2.98748926e+01
 -4.08534607e+00 -1.99729427e+01 2.98747032e+01
 -4.02345744e+00 -1.99728207e+01 2.98745138e+01
 -3.96156848e+00 -1.99726988e+01 2.98743243e+01
 -3.89077766e+00 -1.99913360e+01 3.00390563e+01
 -3.82902931e+00 -1.99912142e+01 3.00388675e+01
 -3.76728064e+00 -1.99910925e+01 3.00386787e+01
 -3.71400940e+00 -1.99722111e+01 2.98735665e+01
 -3.66048423e+00 -1.99532642e+01 2.97078812e+01
 -3.59845157e+00 -1.99531420e+01 2.97076911e+01
 -3.52833669e+00 -1.99718453e+01 2.98729982e+01
 -3.46644513e+00 -1.99717233e+01 2.98728087e+01
 -3.39678182e+00 -1.99903621e+01 3.00375459e+01
 -3.33503089e+00 -1.99902403e+01 3.00373571e+01
 -3.27327963e+00 -1.99901186e+01 3.00371683e+01
 -3.20420577e+00 -2.00086933e+01 3.02013392e+01
 -3.13543789e+00 -2.00272041e+01 3.03649453e+01
 -3.08802391e+00 -1.99897533e+01 3.00366019e+01
 -3.03319516e+00 -1.99708698e+01 2.98714825e+01
 -2.96451848e+00 -1.99895098e+01 3.00362243e+01
 -2.90276528e+00 -1.99893881e+01 3.00360355e+01
 -2.83453421e+00 -2.00079640e+01 3.02002103e+01
 -2.77925792e+00 -1.99891446e+01 3.00356579e+01
 -2.72372116e+00 -1.99702601e+01 2.98705352e+01
 -2.66182539e+00 -1.99701381e+01 2.98703458e+01
 -2.58808005e+00 -2.00074778e+01 3.01994576e+01
 -2.53223930e+00 -1.99886576e+01 3.00349027e+01
 -2.47048383e+00 -1.99885359e+01 3.00347139e+01
 -2.40323605e+00 -2.00071131e+01 3.01988932e+01
 -2.34162074e+00 -2.00069916e+01 3.01987050e+01
 -2.28000511e+00 -2.00068700e+01 3.01985169e+01
 -2.22345874e+00 -1.99880488e+01 3.00339586e+01
 -2.16170166e+00 -1.99879271e+01 3.00337698e+01
 -2.09994426e+00 -1.99878053e+01 3.00335810e+01
 -2.04752923e+00 -1.99500887e+01 2.97029381e+01
 -1.98095045e+00 -1.99687967e+01 2.98682617e+01
 -1.91030453e+00 -2.00061406e+01 3.01973879e+01
 -1.85715079e+00 -1.99685528e+01 2.98678827e+01
 -1.79115238e+00 -1.99871966e+01 3.00326369e+01
 -1.72939303e+00 -1.99870748e+01 3.00324481e+01
 -1.66763337e+00 -1.99869531e+01 3.00322593e+01
 -1.60587337e+00 -1.99868313e+01 3.00320705e+01
 -1.54411306e+00 -1.99867095e+01 3.00318816e+01
 -1.48235242e+00 -1.99865878e+01 3.00316928e+01
 -1.42059145e+00 -1.99864660e+01 3.00315040e+01
 -1.35883017e+00 -1.99863443e+01 3.00313152e+01
 -1.29706856e+00 -1.99862225e+01 3.00311264e+01
 -1.23813299e+00 -1.99673333e+01 2.98659880e+01
 -1.17622943e+00 -1.99672114e+01 2.98657985e+01
 -1.11178178e+00 -1.99858572e+01 3.00305599e+01
 -1.05001888e+00 -1.99857355e+01 3.00303711e+01
 -9.90516782e-01 -1.99668455e+01 2.98652301e+01
 -9.28611918e-01 -1.99667236e+01 2.98650406e+01
 -8.62756545e-01 -2.00040740e+01 3.01941890e+01
 -8.02964026e-01 -1.99852484e+01 3.00296158e+01
 -7.39509479e-01 -2.00038309e+01 3.01938127e+01
 -6.80989216e-01 -1.99662357e+01 2.98642826e+01
 -6.20500870e-01 -1.99472794e+01 2.96985650e+01
 -5.57175917e-01 -1.99659918e+01 2.98639037e+01
 -4.95268781e-01 -1.99658699e+01 2.98637142e+01
 -4.34354030e-01 -1.99469129e+01 2.96979946e+01
 -3.73158286e-01 -1.99278901e+01 2.95316986e+01
 -3.10254508e-01 -1.99466686e+01 2.96976143e+01
 -2.48204258e-01 -1.99465464e+01 2.96974241e+01
 -1.86153682e-01 -1.99464243e+01 2.96972340e+01
 -1.24102781e-01 -1.99463021e+01 2.96970438e+01
 -6.20515532e-02 -1.99461800e+01 2.96968537e+01
 0.00000000e+00 -1.99460578e+01 2.96966635e+01
 6.20518790e-02 -1.99459357e+01 2.96964734e+01
 1.24104084e-01 -1.99458135e+01 2.96962832e+01
 1.86156614e-01 -1.99456914e+01 2.96960931e+01
 2.48209471e-01 -1.99455692e+01 2.96959029e+01
 3.10262653e-01 -1.99454470e+01 2.96957128e+01
 3.72316161e-01 -1.99453249e+01 2.96955226e+01
 4.34369995e-01 -1.99452027e+01 2.96953324e+01
 4.96424155e-01 -1.99450806e+01 2.96951423e+01
 5.58478641e-01 -1.99449584e+01 2.96949521e+01
 6.19115198e-01 -1.99636745e+01 2.98603033e+01
 6.82588589e-01 -1.99447141e+01 2.96945718e+01
 7.46351884e-01 -1.99256878e+01 2.95282639e+01
 8.06699842e-01 -1.99444698e+01 2.96941915e+01
 8.68755956e-01 -1.99443476e+01 2.96940013e+01
 9.30812397e-01 -1.99442254e+01 2.96938112e+01
 9.95146308e-01 -1.99251984e+01 2.95275006e+01
 1.05977363e+00 -1.99061051e+01 2.93606106e+01
 1.12211621e+00 -1.99059826e+01 2.93604191e+01
 1.18445911e+00 -1.99058600e+01 2.93602276e+01
 1.24394596e+00 -1.99247089e+01 2.95267373e+01
 1.30614670e+00 -1.99245866e+01 2.95265465e+01
 1.36834775e+00 -1.99244642e+01 2.95263557e+01
 1.42727565e+00 -1.99432481e+01 2.96922899e+01
 1.49617856e+00 -1.99052472e+01 2.93592702e+01
 1.55852344e+00 -1.99051247e+01 2.93590787e+01
 1.62086864e+00 -1.99050021e+01 2.93588872e+01
 1.68321417e+00 -1.99048796e+01 2.93586957e+01
 1.74556003e+00 -1.99047570e+01 2.93585042e+01
 1.80790622e+00 -1.99046344e+01 2.93583127e+01
 1.87025274e+00 -1.99045119e+01 2.93581212e+01
 1.93259958e+00 -1.99043893e+01 2.93579297e+01
 1.99494675e+00 -1.99042668e+01 2.93577382e+01
 2.05729425e+00 -1.99041442e+01 2.93575467e+01
 2.11964208e+00 -1.99040216e+01 2.93573552e+01
 2.18199024e+00 -1.99038991e+01 2.93571637e+01
 2.24433872e+00 -1.99037765e+01 2.93569721e+01
 2.30668754e+00 -1.99036540e+01 2.93567806e+01
 2.36903668e+00 -1.99035314e+01 2.93565891e+01
 2.43138615e+00 -1.99034088e+01 2.93563976e+01
 2.49373594e+00 -1.99032863e+01 2.93562061e+01
 2.55608607e+00 -1.99031637e+01 2.93560146e+01
 2.61843652e+00 -1.99030411e+01 2.93558231e+01
 2.68078731e+00 -1.99029186e+01 2.93556316e+01
 2.73685377e+00 -1.99217722e+01 2.95221572e+01
 2.80548985e+00 -1.99026734e+01 2.93552486e+01
 2.85472369e+00 -1.99404382e+01 2.96879158e+01
 2.91679056e+00 -1.99403160e+01 2.96877256e+01
 2.98569006e+00 -1.99212827e+01 2.95213938e+01
 3.04789994e+00 -1.99211603e+01 2.95212030e+01
 3.11011016e+00 -1.99210379e+01 2.95210121e+01
 3.17960538e+00 -1.99019380e+01 2.93540995e+01
 3.24195911e+00 -1.99018155e+01 2.93539080e+01
 3.30431317e+00 -1.99016929e+01 2.93537165e+01
 3.36666757e+00 -1.99015703e+01 2.93535249e+01
 3.42902229e+00 -1.99014478e+01 2.93533334e+01
 3.49137734e+00 -1.99013252e+01 2.93531419e+01
 3.55373271e+00 -1.99012026e+01 2.93529504e+01
 3.61608842e+00 -1.99010800e+01 2.93527589e+01
 3.67001681e+00 -1.99199366e+01 2.95192945e+01
 3.72368951e+00 -1.99387276e+01 2.96852531e+01
 3.78576094e+00 -1.99386055e+01 2.96850629e+01
 3.83903770e+00 -1.99573316e+01 2.98504483e+01
 3.90096790e+00 -1.99572096e+01 2.98502588e+01
 3.98108751e+00 -1.99193247e+01 2.95183402e+01
 4.04330263e+00 -1.99192023e+01 2.95181493e+01
 4.10551808e+00 -1.99190799e+01 2.95179584e+01
 4.16773385e+00 -1.99189575e+01 2.95177676e+01
 4.22994996e+00 -1.99188351e+01 2.95175767e+01
 4.29216639e+00 -1.99187128e+01 2.95173859e+01
 4.35438314e+00 -1.99185904e+01 2.95171950e+01
 4.41660023e+00 -1.99184680e+01 2.95170041e+01
 4.47881764e+00 -1.99183456e+01 2.95168133e+01
 4.54103537e+00 -1.99182232e+01 2.95166224e+01
 4.60325344e+00 -1.99181008e+01 2.95164315e+01
 4.66547183e+00 -1.99179784e+01 2.95162407e+01
 4.72769055e+00 -1.99178561e+01 2.95160498e+01
 4.78990960e+00 -1.99177337e+01 2.95158589e+01
 4.85212897e+00 -1.99176113e+01 2.95156680e+01
 4.91434867e+00 -1.99174889e+01 2.95154772e+01
 4.97656870e+00 -1.99173665e+01 2.95152863e+01
 5.03878905e+00 -1.99172441e+01 2.95150954e+01
 5.10100973e+00 -1.99171217e+01 2.95149046e+01
 5.16323074e+00 -1.99169993e+01 2.95147137e+01
 5.22545208e+00 -1.99168770e+01 2.95145228e+01
 5.29981651e+00 -1.98977704e+01 2.93475875e+01
 5.37450992e+00 -1.98785973e+01 2.91800695e+01
 5.42454663e+00 -1.98975252e+01 2.93472044e+01
 5.47434069e+00 -1.99163874e+01 2.95137593e+01
 5.52389336e+00 -1.99351841e+01 2.96797371e+01
 5.59878696e+00 -1.99161426e+01 2.95133775e+01
 5.63514519e+00 -1.99537937e+01 2.98449514e+01
 5.69708480e+00 -1.99536717e+01 2.98447618e+01
 5.75902474e+00 -1.99535497e+01 2.98445723e+01
 5.82096500e+00 -1.99534277e+01 2.98443827e+01
 5.88290559e+00 -1.99533057e+01 2.98441931e+01
 5.94484650e+00 -1.99531837e+01 2.98440036e+01
 6.00678774e+00 -1.99530617e+01 2.98438140e+01
 6.06872930e+00 -1.99529396e+01 2.98436244e+01
 6.13067119e+00 -1.99528176e+01 2.98434349e+01
 6.19261340e+00 -1.99526956e+01 2.98432453e+01
 6.25455594e+00 -1.99525736e+01 2.98430557e+01
 6.31649880e+00 -1.99524516e+01 2.98428662e+01
 6.37844199e+00 -1.99523296e+01 2.98426766e+01
 6.44038550e+00 -1.99522076e+01 2.98424870e+01
 6.50232934e+00 -1.99520856e+01 2.98422975e+01
 6.56427350e+00 -1.99519636e+01 2.98421079e+01
 6.62621799e+00 -1.99518416e+01 2.98419183e+01
 6.67289265e+00 -1.99705116e+01 3.00067622e+01
 6.73469633e+00 -1.99703898e+01 3.00065733e+01
 6.81205340e+00 -1.99514755e+01 2.98413496e+01
 6.85830467e+00 -1.99701462e+01 3.00061954e+01
 6.92010933e+00 -1.99700243e+01 3.00060065e+01
 6.99789173e+00 -1.99511095e+01 2.98407809e+01
 7.05983849e+00 -1.99509875e+01 2.98405913e+01
 7.13810231e+00 -1.99320068e+01 2.96747912e+01
 7.21670755e+00 -1.99129602e+01 2.95084144e+01
 7.26228136e+00 -1.99317624e+01 2.96744108e+01
 7.32437137e+00 -1.99316402e+01 2.96742205e+01
 7.36957717e+00 -1.99503774e+01 2.98396434e+01
 7.43152588e+00 -1.99502553e+01 2.98394538e+01
 7.49347491e+00 -1.99501333e+01 2.98392643e+01
 7.55542427e+00 -1.99500113e+01 2.98390747e+01
 7.61737396e+00 -1.99498893e+01 2.98388851e+01
 7.67932397e+00 -1.99497673e+01 2.98386955e+01
 7.74127430e+00 -1.99496452e+01 2.98385059e+01
 7.80322496e+00 -1.99495232e+01 2.98383163e+01
 7.86517595e+00 -1.99494012e+01 2.98381267e+01
 7.92712726e+00 -1.99492792e+01 2.98379372e+01
 7.98907889e+00 -1.99491572e+01 2.98377476e+01
 8.03264851e+00 -1.99678315e+01 3.00026058e+01
 8.11298314e+00 -1.99489131e+01 2.98373684e+01
 8.17493575e+00 -1.99487911e+01 2.98371788e+01
 8.19934003e+00 -1.99861980e+01 3.01665193e+01
 8.31785592e+00 -1.99296847e+01 2.96711766e+01
 8.36079553e+00 -1.99484250e+01 2.98366100e+01
 8.42274944e+00 -1.99483030e+01 2.98364204e+01
 8.54322637e+00 -1.98913953e+01 2.93376263e+01
 8.60560834e+00 -1.98912727e+01 2.93374348e+01
 8.64812935e+00 -1.99101448e+01 2.95040235e+01
 8.71036901e+00 -1.99100224e+01 2.95038326e+01
 8.79275621e+00 -1.98909049e+01 2.93368600e+01
 8.89593249e+00 -1.98525926e+01 2.90013560e+01
 8.93802751e+00 -1.98715979e+01 2.91691122e+01
 9.00055492e+00 -1.98714751e+01 2.91689200e+01
 9.08394663e+00 -1.98522236e+01 2.90007772e+01
 9.14661867e+00 -1.98521006e+01 2.90005843e+01
 9.18813912e+00 -1.98711067e+01 2.91683432e+01
 9.25066784e+00 -1.98709838e+01 2.91681510e+01
 9.33463677e+00 -1.98517315e+01 2.90000055e+01
 9.39731014e+00 -1.98516085e+01 2.89998125e+01
 9.43825600e+00 -1.98706154e+01 2.91675742e+01
 9.52265785e+00 -1.98513625e+01 2.89994267e+01
 9.60742504e+00 -1.98320423e+01 2.88306901e+01
 9.64800689e+00 -1.98511165e+01 2.89990408e+01
 9.75552399e+00 -1.98125309e+01 2.86611671e+01
 9.77335726e+00 -1.98508705e+01 2.89986549e+01
 9.85870372e+00 -1.98315494e+01 2.88299156e+01
 9.96739514e+00 -1.97928275e+01 2.84908524e+01
 9.98434505e+00 -1.98313030e+01 2.88295284e+01
 1.00471662e+01 -1.98311798e+01 2.88293348e+01
 1.01333180e+01 -1.98117905e+01 2.86600013e+01
 1.01728095e+01 -1.98309334e+01 2.88289476e+01
 1.02592520e+01 -1.98115436e+01 2.86596127e+01
 1.03460682e+01 -1.97920859e+01 2.84896825e+01
 1.04091815e+01 -1.97919623e+01 2.84894875e+01
 1.05208299e+01 -1.97529647e+01 2.81480236e+01
 1.05842365e+01 -1.97528407e+01 2.81478272e+01
 1.06476434e+01 -1.97527167e+01 2.81476309e+01
 1.06863010e+01 -1.97720644e+01 2.83183712e+01
 1.07744583e+01 -1.97524687e+01 2.81472381e+01
 1.08629974e+01 -1.97328037e+01 2.79755003e+01
 1.09519204e+01 -1.97130693e+01 2.78031543e+01
 1.09901084e+01 -1.97325553e+01 2.79751062e+01
 1.11050810e+01 -1.96931404e+01 2.76299987e+01
 1.11689331e+01 -1.96930157e+01 2.76298002e+01
 1.12327855e+01 -1.96928911e+01 2.76296018e+01
 1.13229293e+01 -1.96730159e+01 2.74560279e+01
 1.13604913e+01 -1.96926419e+01 2.76292049e+01
 1.14243447e+01 -1.96925172e+01 2.76290064e+01
 1.15149355e+01 -1.96726414e+01 2.74554304e+01
 1.16059195e+01 -1.96526950e+01 2.72812366e+01
 1.16700718e+01 -1.96525700e+01 2.72810367e+01
 1.17342244e+01 -1.96524449e+01 2.72808369e+01
 1.17983773e+01 -1.96523199e+01 2.72806370e+01
 1.18625306e+01 -1.96521949e+01 2.72804371e+01
 1.18989571e+01 -1.96718924e+01 2.74542354e+01
