 -8.54845138e+00 -2.20928150e+01 2.71026890e+01
 -8.48426997e+00 -2.20923303e+01 2.71018696e+01
 -8.40047981e+00 -2.21087407e+01 2.72757531e+01
 -8.33644495e+00 -2.21082567e+01 2.72749366e+01
 -8.29171734e+00 -2.20908760e+01 2.70994114e+01
 -8.20837103e+00 -2.21072888e+01 2.72733036e+01
 -8.12538988e+00 -2.21236428e+01 2.74465782e+01
 -8.06149827e+00 -2.21231595e+01 2.74457645e+01
 -7.97902725e+00 -2.21394558e+01 2.76184277e+01
 -7.89691700e+00 -2.21556940e+01 2.77904799e+01
 -7.85153370e+00 -2.21384909e+01 2.76168061e+01
 -7.76971627e+00 -2.21547306e+01 2.77888640e+01
 -7.70611383e+00 -2.21542488e+01 2.77880560e+01
 -7.66028297e+00 -2.21370434e+01 2.76143735e+01
 -7.59652994e+00 -2.21365608e+01 2.76135626e+01
 -7.51529822e+00 -2.21528036e+01 2.77856319e+01
 -7.45169025e+00 -2.21523218e+01 2.77848239e+01
 -7.37096021e+00 -2.21685075e+01 2.79562881e+01
 -7.30749678e+00 -2.21680265e+01 2.79554829e+01
 -7.22726554e+00 -2.21841554e+01 2.81263453e+01
 -7.16394615e+00 -2.21836751e+01 2.81255429e+01
 -7.11709823e+00 -2.21665834e+01 2.79530672e+01
 -7.03730326e+00 -2.21827145e+01 2.81239380e+01
 -6.99015897e+00 -2.21656213e+01 2.79514566e+01
 -6.89467919e+00 -2.21983089e+01 2.82934077e+01
 -6.84732863e+00 -2.21812736e+01 2.81215306e+01
 -6.76831793e+00 -2.21973498e+01 2.82918084e+01
 -6.70513524e+00 -2.21968702e+01 2.82910087e+01
 -6.64195119e+00 -2.21963906e+01 2.82902090e+01
 -6.57876576e+00 -2.21959111e+01 2.82894093e+01
 -6.50053449e+00 -2.22119325e+01 2.84590970e+01
 -6.43749214e+00 -2.22114537e+01 2.84583001e+01
 -6.37444843e+00 -2.22109748e+01 2.84575032e+01
 -6.31140336e+00 -2.22104960e+01 2.84567062e+01
 -6.23394671e+00 -2.22264630e+01 2.86258070e+01
 -6.18530912e+00 -2.22095382e+01 2.84551123e+01
 -6.12225996e+00 -2.22090594e+01 2.84543153e+01
 -6.05920942e+00 -2.22085805e+01 2.84535183e+01
 -5.98232864e+00 -2.22245505e+01 2.86226302e+01
 -5.91942072e+00 -2.22240723e+01 2.86218360e+01
 -5.85651144e+00 -2.22235942e+01 2.86210417e+01
 -5.79360080e+00 -2.22231160e+01 2.86202474e+01
 -5.73068881e+00 -2.22226378e+01 2.86194532e+01
 -5.66777545e+00 -2.22221597e+01 2.86186589e+01
 -5.60486073e+00 -2.22216815e+01 2.86178646e+01
 -5.54194465e+00 -2.22212033e+01 2.86170703e+01
 -5.47902721e+00 -2.22207251e+01 2.86162760e+01
 -5.41610842e+00 -2.22202469e+01 2.86154816e+01
 -5.34085655e+00 -2.22361672e+01 2.87840261e+01
 -5.27807991e+00 -2.22356897e+01 2.87832346e+01
 -5.22734386e+00 -2.22188122e+01 2.86130985e+01
 -5.15252257e+00 -2.22347347e+01 2.87816514e+01
 -5.08974186e+00 -2.22342572e+01 2.87808597e+01
 -5.03856706e+00 -2.22173774e+01 2.86107153e+01
 -4.96417638e+00 -2.22333022e+01 2.87792765e+01
 -4.91270906e+00 -2.22164209e+01 2.86091265e+01
 -4.84977802e+00 -2.22159426e+01 2.86083320e+01
 -4.78684562e+00 -2.22154643e+01 2.86075376e+01
 -4.72391186e+00 -2.22149860e+01 2.86067431e+01
 -4.66097674e+00 -2.22145077e+01 2.86059486e+01
 -4.59804026e+00 -2.22140294e+01 2.86051541e+01
 -4.53510241e+00 -2.22135511e+01 2.86043596e+01
 -4.47216321e+00 -2.22130728e+01 2.86035651e+01
 -4.40922264e+00 -2.22125944e+01 2.86027705e+01
 -4.33626764e+00 -2.22285266e+01 2.87713593e+01
 -4.27346931e+00 -2.22280490e+01 2.87705675e+01
 -4.20098063e+00 -2.22439258e+01 2.89385696e+01
 -4.13832404e+00 -2.22434489e+01 2.89377805e+01
 -4.06629898e+00 -2.22592706e+01 2.91051989e+01
 -4.02226243e+00 -2.22261386e+01 2.87674003e+01
 -3.95945732e+00 -2.22256609e+01 2.87666084e+01
 -3.89665085e+00 -2.22251833e+01 2.87658165e+01
 -3.84269633e+00 -2.22082891e+01 2.85956191e+01
 -3.77974216e+00 -2.22078107e+01 2.85948244e+01
 -3.70822331e+00 -2.22237503e+01 2.87634409e+01
 -3.65382973e+00 -2.22068538e+01 2.85932351e+01
 -3.59087147e+00 -2.22063754e+01 2.85924403e+01
 -3.52791186e+00 -2.22058970e+01 2.85916456e+01
 -3.45696761e+00 -2.22218396e+01 2.87602732e+01
 -3.39415029e+00 -2.22213619e+01 2.87594812e+01
 -3.32366543e+00 -2.22372490e+01 2.89275218e+01
 -3.25349463e+00 -2.22530802e+01 2.90949758e+01
 -3.19831306e+00 -2.22362950e+01 2.89259434e+01
 -3.14286746e+00 -2.22194510e+01 2.87563132e+01
 -3.07295528e+00 -2.22353410e+01 2.89243649e+01
 -3.00335518e+00 -2.22511752e+01 2.90918298e+01
 -2.94759210e+00 -2.22343870e+01 2.89227863e+01
 -2.88490848e+00 -2.22339100e+01 2.89219970e+01
 -2.82222351e+00 -2.22334330e+01 2.89212077e+01
 -2.75953718e+00 -2.22329559e+01 2.89204184e+01
 -2.69684951e+00 -2.22324789e+01 2.89196290e+01
 -2.63416048e+00 -2.22320019e+01 2.89188397e+01
 -2.57147010e+00 -2.22315248e+01 2.89180503e+01
 -2.50877837e+00 -2.22310477e+01 2.89172610e+01
 -2.44046262e+00 -2.22468885e+01 2.90847506e+01
 -2.37791227e+00 -2.22464122e+01 2.90839639e+01
 -2.32069506e+00 -2.22296165e+01 2.89148928e+01
 -2.25799792e+00 -2.22291394e+01 2.89141034e+01
 -2.19529943e+00 -2.22286623e+01 2.89133139e+01
 -2.13259958e+00 -2.22281852e+01 2.89125245e+01
 -2.06989839e+00 -2.22277081e+01 2.89117350e+01
 -2.00719584e+00 -2.22272310e+01 2.89109456e+01
 -1.94449193e+00 -2.22267538e+01 2.89101561e+01
 -1.88178668e+00 -2.22262767e+01 2.89093666e+01
 -1.81908007e+00 -2.22257995e+01 2.89085771e+01
 -1.75233460e+00 -2.22416484e+01 2.90760968e+01
 -1.68976942e+00 -2.22411720e+01 2.90753100e+01
 -1.63095214e+00 -2.22243680e+01 2.89062085e+01
 -1.56824012e+00 -2.22238909e+01 2.89054189e+01
 -1.50552675e+00 -2.22234137e+01 2.89046293e+01
 -1.43949523e+00 -2.22392663e+01 2.90721628e+01
 -1.37692331e+00 -2.22387898e+01 2.90713760e+01
 -1.31435004e+00 -2.22383134e+01 2.90705891e+01
 -1.25177543e+00 -2.22378369e+01 2.90698022e+01
 -1.18919947e+00 -2.22373604e+01 2.90690154e+01
 -1.12921812e+00 -2.22205504e+01 2.88998917e+01
 -1.06895570e+00 -2.22036814e+01 2.87301698e+01
 -1.00377109e+00 -2.22195959e+01 2.88983123e+01
 -9.41045547e-01 -2.22191187e+01 2.88975226e+01
 -8.80344976e-01 -2.22022474e+01 2.87277924e+01
 -8.17472018e-01 -2.22017694e+01 2.87269999e+01
 -7.54597703e-01 -2.22012914e+01 2.87262074e+01
 -6.90129837e-01 -2.22172096e+01 2.88943638e+01
 -6.27397527e-01 -2.22167323e+01 2.88935740e+01
 -5.63365689e-01 -2.22325952e+01 2.90611459e+01
 -5.00774896e-01 -2.22321186e+01 2.90603589e+01
 -4.39192478e-01 -2.22153004e+01 2.88912047e+01
 -3.78194898e-01 -2.21819652e+01 2.85518936e+01
 -3.15165822e-01 -2.21814864e+01 2.85510982e+01
 -2.52135384e-01 -2.21810075e+01 2.85503029e+01
 -1.88667759e-01 -2.21969888e+01 2.87190744e+01
 -1.26070418e-01 -2.21800499e+01 2.85487121e+01
 -6.28906112e-02 -2.21960326e+01 2.87174892e+01
 0.00000000e+00 -2.21625716e+01 2.83769467e+01
 6.30372532e-02 -2.21786132e+01 2.85463258e+01
 1.26075869e-01 -2.21781344e+01 2.85455303e+01
 1.89115849e-01 -2.21776555e+01 2.85447349e+01
 2.52740409e-01 -2.21606530e+01 2.83737537e+01
 3.15928930e-01 -2.21601734e+01 2.83729554e+01
 3.79118820e-01 -2.21596937e+01 2.83721571e+01
 4.42310078e-01 -2.21592140e+01 2.83713588e+01
 5.05502703e-01 -2.21587343e+01 2.83705604e+01
 5.70013690e-01 -2.21416688e+01 2.81989599e+01
 6.31892059e-01 -2.21577750e+01 2.83689637e+01
 6.95088788e-01 -2.21572952e+01 2.83681654e+01
 7.60042964e-01 -2.21402274e+01 2.81965564e+01
 8.21486352e-01 -2.21563358e+01 2.83665686e+01
 8.84687187e-01 -2.21558561e+01 2.83657702e+01
 9.45701927e-01 -2.21719082e+01 2.85351883e+01
 1.00875963e+00 -2.21714292e+01 2.85343926e+01
 1.07429790e+00 -2.21544168e+01 2.83633749e+01
 1.13750421e+00 -2.21539371e+01 2.83625764e+01
 1.19794091e+00 -2.21699922e+01 2.85320057e+01
 1.26100407e+00 -2.21695131e+01 2.85312100e+01
 1.32406859e+00 -2.21690341e+01 2.85304143e+01
 1.38713447e+00 -2.21685551e+01 2.85296186e+01
 1.45020172e+00 -2.21680760e+01 2.85288229e+01
 1.51327033e+00 -2.21675970e+01 2.85280271e+01
 1.57634030e+00 -2.21671179e+01 2.85272314e+01
 1.63941164e+00 -2.21666389e+01 2.85264356e+01
 1.70248434e+00 -2.21661598e+01 2.85256398e+01
 1.76555841e+00 -2.21656807e+01 2.85248441e+01
 1.82863384e+00 -2.21652016e+01 2.85240483e+01
 1.89171063e+00 -2.21647225e+01 2.85232525e+01
 1.95478879e+00 -2.21642434e+01 2.85224566e+01
 2.01786831e+00 -2.21637643e+01 2.85216608e+01
 2.08094919e+00 -2.21632852e+01 2.85208650e+01
 2.14403144e+00 -2.21628060e+01 2.85200691e+01
 2.20711506e+00 -2.21623269e+01 2.85192732e+01
 2.27020003e+00 -2.21618478e+01 2.85184773e+01
 2.33328637e+00 -2.21613686e+01 2.85176814e+01
 2.39637408e+00 -2.21608894e+01 2.85168855e+01
 2.45946315e+00 -2.21604103e+01 2.85160896e+01
 2.52255358e+00 -2.21599311e+01 2.85152937e+01
 2.58564538e+00 -2.21594519e+01 2.85144977e+01
 2.64873854e+00 -2.21589727e+01 2.85137017e+01
 2.70558155e+00 -2.21749882e+01 2.86826009e+01
 2.76853196e+00 -2.21745098e+01 2.86818077e+01
 2.83148372e+00 -2.21740313e+01 2.86810145e+01
 2.89443684e+00 -2.21735529e+01 2.86802213e+01
 2.95739132e+00 -2.21730744e+01 2.86794280e+01
 3.01339269e+00 -2.21890364e+01 2.88477471e+01
 3.07620489e+00 -2.21885586e+01 2.88469567e+01
 3.13901844e+00 -2.21880809e+01 2.88461661e+01
 3.20183335e+00 -2.21876031e+01 2.88453756e+01
 3.25714155e+00 -2.22035111e+01 2.90131150e+01
 3.31981466e+00 -2.22030341e+01 2.90123272e+01
 3.37471935e+00 -2.22188868e+01 2.91794842e+01
 3.44516493e+00 -2.22020800e+01 2.90107516e+01
 3.51592822e+00 -2.21852142e+01 2.88414229e+01
 3.57875126e+00 -2.21847364e+01 2.88406323e+01
 3.64157566e+00 -2.21842586e+01 2.88398417e+01
 3.70440141e+00 -2.21837808e+01 2.88390511e+01
 3.76722852e+00 -2.21833030e+01 2.88382604e+01
 3.83005698e+00 -2.21828251e+01 2.88374698e+01
 3.89288680e+00 -2.21823473e+01 2.88366791e+01
 3.95571797e+00 -2.21818694e+01 2.88358885e+01
 4.01855050e+00 -2.21813916e+01 2.88350978e+01
 4.08138438e+00 -2.21809137e+01 2.88343071e+01
 4.14421962e+00 -2.21804359e+01 2.88335164e+01
 4.21676652e+00 -2.21635033e+01 2.86635606e+01
 4.27974957e+00 -2.21630246e+01 2.86627671e+01
 4.35276976e+00 -2.21460317e+01 2.84922060e+01
 4.40571973e+00 -2.21620673e+01 2.86611800e+01
 4.45841615e+00 -2.21780464e+01 2.88295627e+01
 4.51086034e+00 -2.21939692e+01 2.89973570e+01
 4.58410425e+00 -2.21770906e+01 2.88279811e+01
 4.63626193e+00 -2.21930148e+01 2.89957809e+01
 4.69896476e+00 -2.21925376e+01 2.89949928e+01
 4.75072977e+00 -2.22084066e+01 2.91622100e+01
 4.80224667e+00 -2.22242199e+01 2.93288450e+01
 4.87585394e+00 -2.22074537e+01 2.91606394e+01
 4.92708629e+00 -2.22232684e+01 2.93272797e+01
 4.98950811e+00 -2.22227927e+01 2.93264971e+01
 5.05193128e+00 -2.22223169e+01 2.93257145e+01
 5.11435578e+00 -2.22218412e+01 2.93249318e+01
 5.17678163e+00 -2.22213654e+01 2.93241491e+01
 5.23920882e+00 -2.22208896e+01 2.93233664e+01
 5.31383094e+00 -2.22041182e+01 2.91551416e+01
 5.37640447e+00 -2.22036416e+01 2.91543561e+01
 5.43897934e+00 -2.22031651e+01 2.91535707e+01
 5.50155556e+00 -2.22026886e+01 2.91527852e+01
 5.55136490e+00 -2.22185106e+01 2.93194528e+01
 5.61380014e+00 -2.22180348e+01 2.93186700e+01
 5.68929231e+00 -2.22012589e+01 2.91504287e+01
 5.75187393e+00 -2.22007823e+01 2.91496432e+01
 5.81445688e+00 -2.22003057e+01 2.91488577e+01
 5.87704119e+00 -2.21998291e+01 2.91480721e+01
 5.93962684e+00 -2.21993525e+01 2.91472866e+01
 6.00221384e+00 -2.21988759e+01 2.91465010e+01
 6.06480218e+00 -2.21983993e+01 2.91457154e+01
 6.12739188e+00 -2.21979227e+01 2.91449298e+01
 6.18998291e+00 -2.21974461e+01 2.91441442e+01
 6.25257530e+00 -2.21969694e+01 2.91433586e+01
 6.31516904e+00 -2.21964928e+01 2.91425729e+01
 6.37776412e+00 -2.21960161e+01 2.91417873e+01
 6.44036055e+00 -2.21955395e+01 2.91410016e+01
 6.50295832e+00 -2.21950628e+01 2.91402160e+01
 6.56555745e+00 -2.21945861e+01 2.91394303e+01
 6.62815792e+00 -2.21941094e+01 2.91386446e+01
 6.69075974e+00 -2.21936328e+01 2.91378589e+01
 6.75336290e+00 -2.21931561e+01 2.91370732e+01
 6.81596741e+00 -2.21926794e+01 2.91362874e+01
 6.89441508e+00 -2.21758311e+01 2.89674030e+01
 6.94118048e+00 -2.21917259e+01 2.91347159e+01
 7.01991941e+00 -2.21748762e+01 2.89658259e+01
 7.08267360e+00 -2.21743987e+01 2.89650374e+01
 7.14542914e+00 -2.21739212e+01 2.89642488e+01
 7.19162279e+00 -2.21898190e+01 2.91315728e+01
 7.25423674e+00 -2.21893422e+01 2.91307869e+01
 7.31685203e+00 -2.21888655e+01 2.91300011e+01
 7.37946867e+00 -2.21883887e+01 2.91292153e+01
 7.44208666e+00 -2.21879119e+01 2.91284294e+01
 7.48748169e+00 -2.22037568e+01 2.92951814e+01
 7.56732669e+00 -2.21869583e+01 2.91268576e+01
 7.62994872e+00 -2.21864815e+01 2.91260717e+01
 7.69257210e+00 -2.21860047e+01 2.91252858e+01
 7.75519683e+00 -2.21855279e+01 2.91244999e+01
 7.79987945e+00 -2.22013764e+01 2.92912655e+01
 7.86236303e+00 -2.22009003e+01 2.92904823e+01
 7.94307911e+00 -2.21840974e+01 2.91221421e+01
 8.00570923e+00 -2.21836205e+01 2.91213561e+01
 8.06834070e+00 -2.21831437e+01 2.91205701e+01
 8.14970178e+00 -2.21662804e+01 2.89516304e+01
 8.21248031e+00 -2.21658028e+01 2.89508416e+01
 8.29434412e+00 -2.21488796e+01 2.87813020e+01
 8.35727026e+00 -2.21484012e+01 2.87805105e+01
 8.42019775e+00 -2.21479228e+01 2.87797189e+01
 8.46360800e+00 -2.21638922e+01 2.89476865e+01
 8.54605680e+00 -2.21469660e+01 2.87781358e+01
 8.62886660e+00 -2.21299803e+01 2.86079847e+01
 8.69194495e+00 -2.21295011e+01 2.86071903e+01
 8.73485557e+00 -2.21455308e+01 2.87757609e+01
 8.81810573e+00 -2.21285428e+01 2.86056015e+01
 8.88118817e+00 -2.21280636e+01 2.86048071e+01
 8.94427197e+00 -2.21275844e+01 2.86040126e+01
 9.02818125e+00 -2.21105351e+01 2.84332440e+01
 9.11245801e+00 -2.20934256e+01 2.82618685e+01
 9.15464760e+00 -2.21095751e+01 2.84316494e+01
 9.26063293e+00 -2.20757742e+01 2.80890800e+01
 9.30260317e+00 -2.20919834e+01 2.82594682e+01
 9.36598764e+00 -2.20915026e+01 2.82586681e+01
 9.42937348e+00 -2.20910218e+01 2.82578679e+01
 9.51476165e+00 -2.20738481e+01 2.80858682e+01
 9.57829728e+00 -2.20733665e+01 2.80850652e+01
 9.64183428e+00 -2.20728850e+01 2.80842622e+01
 9.68293057e+00 -2.20890987e+01 2.82546673e+01
 9.76891242e+00 -2.20719219e+01 2.80826562e+01
 9.83245355e+00 -2.20714403e+01 2.80818531e+01
 9.89599606e+00 -2.20709587e+01 2.80810501e+01
 1.00058463e+01 -2.20369023e+01 2.77359816e+01
 1.00931129e+01 -2.20195413e+01 2.75621173e+01
 1.01335297e+01 -2.20359361e+01 2.77343640e+01
 1.02210963e+01 -2.20185735e+01 2.75604940e+01
 1.02850901e+01 -2.20180896e+01 2.75596823e+01
 1.03250651e+01 -2.20344866e+01 2.77319376e+01
 1.04130819e+01 -2.20171217e+01 2.75580589e+01
 1.04285311e+01 -2.20503428e+01 2.79027782e+01
 1.05166130e+01 -2.20330370e+01 2.77295111e+01
 1.06297829e+01 -2.19987255e+01 2.73819276e+01
 1.06690822e+01 -2.20151858e+01 2.75548120e+01
 1.07330858e+01 -2.20147018e+01 2.75540003e+01
 1.07970907e+01 -2.20142179e+01 2.75531885e+01
 1.08863968e+01 -2.19967865e+01 2.73786690e+01
 1.10017252e+01 -2.19622232e+01 2.70285662e+01
 1.10661837e+01 -2.19617368e+01 2.70277457e+01
 1.11306436e+01 -2.19612505e+01 2.70269252e+01
 1.11951049e+01 -2.19607641e+01 2.70261047e+01
 1.13123160e+01 -2.19259479e+01 2.66734611e+01
 1.13770825e+01 -2.19254600e+01 2.66726347e+01
 1.14418503e+01 -2.19249720e+01 2.66718083e+01
 1.15066196e+01 -2.19244840e+01 2.66709818e+01
 1.15985149e+01 -2.19067352e+01 2.64932816e+01
 1.16634390e+01 -2.19062465e+01 2.64924522e+01
 1.17283645e+01 -2.19057577e+01 2.64916227e+01
 1.18209715e+01 -2.18879434e+01 2.63132724e+01
 1.19139858e+01 -2.18700649e+01 2.61342744e+01
 1.19511348e+01 -2.18869642e+01 2.63116075e+01
 1.20444581e+01 -2.18690841e+01 2.61326035e+01
 1.21096964e+01 -2.18685937e+01 2.61317680e+01
 1.22035853e+01 -2.18506482e+01 2.59521097e+01
 1.22689802e+01 -2.18501570e+01 2.59512711e+01
 1.23343765e+01 -2.18496657e+01 2.59504326e+01
 1.24289901e+01 -2.18316536e+01 2.57701134e+01
 1.25240205e+01 -2.18135762e+01 2.55891357e+01
 1.25600985e+01 -2.18306695e+01 2.57684302e+01
 1.26256548e+01 -2.18301774e+01 2.57675886e+01
 1.26912126e+01 -2.18296853e+01 2.57667469e+01
 1.27868681e+01 -2.18116047e+01 2.55857570e+01
