 -2.46367758e-01 1.73064986e-02 3.24235045e-01
 -2.42845953e-01 1.72970041e-02 3.24248184e-01
 -2.38605986e-01 1.95283198e-02 3.28486182e-01
 -2.35094887e-01 1.95188321e-02 3.28499244e-01
 -2.31583853e-01 1.95093447e-02 3.28512305e-01
 -2.28072884e-01 1.94998576e-02 3.28525365e-01
 -2.24561981e-01 1.94903707e-02 3.28538426e-01
 -2.21051143e-01 1.94808841e-02 3.28551486e-01
 -2.17540371e-01 1.94713978e-02 3.28564545e-01
 -2.14029663e-01 1.94619117e-02 3.28577605e-01
 -2.10519022e-01 1.94524260e-02 3.28590664e-01
 -2.07008445e-01 1.94429404e-02 3.28603722e-01
 -2.03497934e-01 1.94334552e-02 3.28616780e-01
 -1.99987488e-01 1.94239702e-02 3.28629838e-01
 -1.96477108e-01 1.94144855e-02 3.28642896e-01
 -1.92387716e-01 2.16393200e-02 3.32867422e-01
 -1.88888005e-01 2.16298422e-02 3.32880402e-01
 -1.85388359e-01 2.16203647e-02 3.32893382e-01
 -1.81888778e-01 2.16108875e-02 3.32906362e-01
 -1.78389262e-01 2.16014105e-02 3.32919341e-01
 -1.74889811e-01 2.15919338e-02 3.32932320e-01
 -1.71390425e-01 2.15824574e-02 3.32945298e-01
 -1.67891104e-01 2.15729812e-02 3.32958276e-01
 -1.64391848e-01 2.15635053e-02 3.32971254e-01
 -1.60892656e-01 2.15540296e-02 3.32984231e-01
 -1.57393530e-01 2.15445543e-02 3.32997208e-01
 -1.53894469e-01 2.15350792e-02 3.33010185e-01
 -1.49944163e-01 2.37534572e-02 3.37221383e-01
 -1.46455735e-01 2.37439891e-02 3.37234283e-01
 -1.42967372e-01 2.37345213e-02 3.37247183e-01
 -1.39479073e-01 2.37250538e-02 3.37260082e-01
 -1.35990838e-01 2.37155865e-02 3.37272981e-01
 -1.32502668e-01 2.37061195e-02 3.37285879e-01
 -1.29014563e-01 2.36966528e-02 3.37298777e-01
 -1.25526522e-01 2.36871863e-02 3.37311675e-01
 -1.22038546e-01 2.36777201e-02 3.37324572e-01
 -1.18550634e-01 2.36682542e-02 3.37337469e-01
 -1.15062786e-01 2.36587885e-02 3.37350366e-01
 -1.11575004e-01 2.36493231e-02 3.37363262e-01
 -1.08087285e-01 2.36398580e-02 3.37376158e-01
 -1.04599632e-01 2.36303931e-02 3.37389054e-01
 -1.01112042e-01 2.36209285e-02 3.37401949e-01
 -9.76245175e-02 2.36114642e-02 3.37414844e-01
 -9.41370572e-02 2.36020001e-02 3.37427738e-01
 -9.06496614e-02 2.35925363e-02 3.37440632e-01
 -8.71623301e-02 2.35830728e-02 3.37453526e-01
 -8.36750633e-02 2.35736095e-02 3.37466419e-01
 -8.01878610e-02 2.35641465e-02 3.37479312e-01
 -7.67007231e-02 2.35546837e-02 3.37492205e-01
 -7.32136498e-02 2.35452213e-02 3.37505097e-01
 -6.97266409e-02 2.35357591e-02 3.37517989e-01
 -6.62396965e-02 2.35262971e-02 3.37530881e-01
 -6.27528166e-02 2.35168354e-02 3.37543772e-01
 -5.92660011e-02 2.35073740e-02 3.37556663e-01
 -5.57792502e-02 2.34979129e-02 3.37569554e-01
 -5.22925636e-02 2.34884520e-02 3.37582444e-01
 -4.88059416e-02 2.34789914e-02 3.37595333e-01
 -4.53193840e-02 2.34695310e-02 3.37608223e-01
 -4.18328909e-02 2.34600709e-02 3.37621112e-01
 -3.83464622e-02 2.34506111e-02 3.37634001e-01
 -3.48600980e-02 2.34411515e-02 3.37646889e-01
 -3.13737982e-02 2.34316922e-02 3.37659777e-01
 -2.78875629e-02 2.34222332e-02 3.37672664e-01
 -2.44013920e-02 2.34127745e-02 3.37685552e-01
 -2.09152855e-02 2.34033160e-02 3.37698439e-01
 -1.74292435e-02 2.33938577e-02 3.37711325e-01
 -1.39432660e-02 2.33843998e-02 3.37724211e-01
 -1.04573528e-02 2.33749421e-02 3.37737097e-01
 -6.97150413e-03 2.33654846e-02 3.37749982e-01
 -3.48571985e-03 2.33560275e-02 3.37762868e-01
 0.00000000e+00 2.33465706e-02 3.37775752e-01
 3.48565543e-03 2.33371139e-02 3.37788637e-01
 6.97124643e-03 2.33276576e-02 3.37801521e-01
 1.04567730e-02 2.33182015e-02 3.37814404e-01
 1.39422352e-02 2.33087456e-02 3.37827287e-01
 1.74276330e-02 2.32992900e-02 3.37840170e-01
 2.09129663e-02 2.32898347e-02 3.37853053e-01
 2.43982353e-02 2.32803797e-02 3.37865935e-01
 2.78834398e-02 2.32709249e-02 3.37878817e-01
 3.13685800e-02 2.32614704e-02 3.37891698e-01
 3.48536557e-02 2.32520161e-02 3.37904579e-01
 3.83386671e-02 2.32425622e-02 3.37917460e-01
 4.18236140e-02 2.32331084e-02 3.37930341e-01
 4.53084966e-02 2.32236550e-02 3.37943221e-01
 4.87933148e-02 2.32142018e-02 3.37956100e-01
 5.22780686e-02 2.32047489e-02 3.37968980e-01
 5.57627580e-02 2.31952962e-02 3.37981858e-01
 5.92473830e-02 2.31858438e-02 3.37994737e-01
 6.27319437e-02 2.31763917e-02 3.38007615e-01
 6.62164399e-02 2.31669398e-02 3.38020493e-01
 6.97008719e-02 2.31574882e-02 3.38033371e-01
 7.31852394e-02 2.31480369e-02 3.38046248e-01
 7.64395852e-02 2.53603524e-02 3.42240168e-01
 7.99133757e-02 2.53509082e-02 3.42252969e-01
 8.33871023e-02 2.53414642e-02 3.42265770e-01
 8.68607648e-02 2.53320205e-02 3.42278570e-01
 9.03343634e-02 2.53225770e-02 3.42291370e-01
 9.38078981e-02 2.53131339e-02 3.42304170e-01
 9.72813687e-02 2.53036909e-02 3.42316969e-01
 1.00754775e-01 2.52942483e-02 3.42329768e-01
 1.04228118e-01 2.52848059e-02 3.42342566e-01
 1.07701397e-01 2.52753638e-02 3.42355365e-01
 1.11174612e-01 2.52659219e-02 3.42368162e-01
 1.14647762e-01 2.52564803e-02 3.42380960e-01
 1.18120849e-01 2.52470390e-02 3.42393757e-01
 1.21593872e-01 2.52375979e-02 3.42406554e-01
 1.25066831e-01 2.52281571e-02 3.42419350e-01
 1.28539726e-01 2.52187166e-02 3.42432146e-01
 1.32012557e-01 2.52092763e-02 3.42444942e-01
 1.35485324e-01 2.51998363e-02 3.42457737e-01
 1.39375996e-01 2.29685120e-02 3.38290844e-01
 1.42859077e-01 2.29590659e-02 3.38303714e-01
 1.46342094e-01 2.29496202e-02 3.38316584e-01
 1.49825046e-01 2.29401747e-02 3.38329453e-01
 1.53307933e-01 2.29307294e-02 3.38342322e-01
 1.56790757e-01 2.29212845e-02 3.38355190e-01
 1.60273516e-01 2.29118398e-02 3.38368058e-01
 1.63756211e-01 2.29023953e-02 3.38380926e-01
 1.67238842e-01 2.28929512e-02 3.38393793e-01
 1.70721408e-01 2.28835072e-02 3.38406660e-01
 1.74203910e-01 2.28740636e-02 3.38419527e-01
 1.77686348e-01 2.28646202e-02 3.38432393e-01
 1.81168721e-01 2.28551771e-02 3.38445259e-01
 1.84651030e-01 2.28457342e-02 3.38458125e-01
 1.88133275e-01 2.28362917e-02 3.38470990e-01
 1.91615456e-01 2.28268493e-02 3.38483855e-01
 1.95097572e-01 2.28174073e-02 3.38496719e-01
 1.98579624e-01 2.28079655e-02 3.38509583e-01
 2.02061612e-01 2.27985240e-02 3.38522447e-01
 2.05543536e-01 2.27890827e-02 3.38535311e-01
 2.09025395e-01 2.27796417e-02 3.38548174e-01
 2.12507190e-01 2.27702010e-02 3.38561036e-01
 2.15988921e-01 2.27607605e-02 3.38573899e-01
 2.19470587e-01 2.27513203e-02 3.38586761e-01
 2.22952190e-01 2.27418803e-02 3.38599622e-01
 2.26433728e-01 2.27324407e-02 3.38612483e-01
 2.29915201e-01 2.27230013e-02 3.38625344e-01
 2.33396611e-01 2.27135621e-02 3.38638205e-01
 2.36877956e-01 2.27041232e-02 3.38651065e-01
 2.40359237e-01 2.26946846e-02 3.38663925e-01
 2.43840454e-01 2.26852463e-02 3.38676784e-01
 2.47321607e-01 2.26758082e-02 3.38689643e-01
 2.50802695e-01 2.26663704e-02 3.38702502e-01
 2.54283719e-01 2.26569328e-02 3.38715360e-01
 2.57764679e-01 2.26474955e-02 3.38728218e-01
 2.61245575e-01 2.26380585e-02 3.38741076e-01
 2.64726406e-01 2.26286217e-02 3.38753933e-01
 2.68207173e-01 2.26191852e-02 3.38766790e-01
 2.71687876e-01 2.26097490e-02 3.38779647e-01
 2.75168515e-01 2.26003130e-02 3.38792503e-01
 2.78649090e-01 2.25908773e-02 3.38805359e-01
 2.82129600e-01 2.25814419e-02 3.38818214e-01
 2.85610046e-01 2.25720067e-02 3.38831069e-01
 2.89090428e-01 2.25625718e-02 3.38843924e-01
 2.92570746e-01 2.25531371e-02 3.38856778e-01
 2.96051000e-01 2.25437027e-02 3.38869633e-01
 2.99531189e-01 2.25342686e-02 3.38882486e-01
 3.03011314e-01 2.25248348e-02 3.38895339e-01
 3.06491375e-01 2.25154012e-02 3.38908192e-01
 3.09971372e-01 2.25059678e-02 3.38921045e-01
 3.13451305e-01 2.24965348e-02 3.38933897e-01
 3.16931173e-01 2.24871020e-02 3.38946749e-01
 3.20410978e-01 2.24776694e-02 3.38959601e-01
 3.23890718e-01 2.24682372e-02 3.38972452e-01
 3.27370394e-01 2.24588052e-02 3.38985303e-01
 3.30850005e-01 2.24493734e-02 3.38998153e-01
 3.34329553e-01 2.24399420e-02 3.39011003e-01
 3.37809037e-01 2.24305107e-02 3.39023853e-01
 3.41288456e-01 2.24210798e-02 3.39036702e-01
 3.44767811e-01 2.24116491e-02 3.39049551e-01
 3.48247102e-01 2.24022187e-02 3.39062400e-01
 3.51726329e-01 2.23927885e-02 3.39075248e-01
 3.55205491e-01 2.23833587e-02 3.39088096e-01
 3.58684590e-01 2.23739290e-02 3.39100943e-01
 3.62163624e-01 2.23644997e-02 3.39113791e-01
 3.65642595e-01 2.23550706e-02 3.39126637e-01
 3.69121501e-01 2.23456417e-02 3.39139484e-01
 3.72600343e-01 2.23362132e-02 3.39152330e-01
 3.76079121e-01 2.23267849e-02 3.39165176e-01
 3.80698712e-01 2.00885223e-02 3.34991313e-01
 3.84187808e-01 2.00790881e-02 3.35004233e-01
 3.87676839e-01 2.00696542e-02 3.35017153e-01
 3.91165806e-01 2.00602205e-02 3.35030073e-01
 3.94654708e-01 2.00507871e-02 3.35042993e-01
 3.98143545e-01 2.00413540e-02 3.35055912e-01
 4.01632318e-01 2.00319212e-02 3.35068831e-01
 4.05121027e-01 2.00224886e-02 3.35081749e-01
