 -4.95565354e+00 -1.12650349e+01 1.94912765e+01
 -4.88481372e+00 -1.12655408e+01 1.94920339e+01
 -4.80217210e+00 -1.12992222e+01 1.96953914e+01
 -4.73150861e+00 -1.12997272e+01 1.96961458e+01
 -4.66084642e+00 -1.13002322e+01 1.96969002e+01
 -4.59018553e+00 -1.13007372e+01 1.96976546e+01
 -4.51952592e+00 -1.13012422e+01 1.96984090e+01
 -4.43797443e+00 -1.13347924e+01 1.99009846e+01
 -4.36749047e+00 -1.13352964e+01 1.99017361e+01
 -4.29700780e+00 -1.13358003e+01 1.99024876e+01
 -4.22652642e+00 -1.13363043e+01 1.99032391e+01
 -4.14588378e+00 -1.13697251e+01 2.01050401e+01
 -4.07557736e+00 -1.13702281e+01 2.01057887e+01
 -4.02494491e+00 -1.13047768e+01 1.97036895e+01
 -3.95429565e+00 -1.13052817e+01 1.97044438e+01
 -3.87413884e+00 -1.13388240e+01 1.99069964e+01
 -3.80366518e+00 -1.13393279e+01 1.99077479e+01
 -3.73319282e+00 -1.13398318e+01 1.99084993e+01
 -3.66272174e+00 -1.13403357e+01 1.99092507e+01
 -3.59225196e+00 -1.13408396e+01 1.99100021e+01
 -3.52178345e+00 -1.13413435e+01 1.99107535e+01
 -3.45131624e+00 -1.13418474e+01 1.99115049e+01
 -3.38085032e+00 -1.13423513e+01 1.99122563e+01
 -3.31038568e+00 -1.13428552e+01 1.99130076e+01
 -3.23992233e+00 -1.13433590e+01 1.99137590e+01
 -3.16946027e+00 -1.13438629e+01 1.99145103e+01
 -3.09899950e+00 -1.13443667e+01 1.99152617e+01
 -3.02854001e+00 -1.13448706e+01 1.99160130e+01
 -2.95808182e+00 -1.13453744e+01 1.99167643e+01
 -2.88762491e+00 -1.13458782e+01 1.99175156e+01
 -2.81716928e+00 -1.13463821e+01 1.99182669e+01
 -2.74671495e+00 -1.13468859e+01 1.99190182e+01
 -2.66971848e+00 -1.13802861e+01 2.01207592e+01
 -2.59943900e+00 -1.13807889e+01 2.01215077e+01
 -2.52916081e+00 -1.13812917e+01 2.01222561e+01
 -2.45888390e+00 -1.13817945e+01 2.01230045e+01
 -2.38860828e+00 -1.13822973e+01 2.01237529e+01
 -2.31833394e+00 -1.13828001e+01 2.01245012e+01
 -2.24806087e+00 -1.13833029e+01 2.01252496e+01
 -2.17778910e+00 -1.13838057e+01 2.01259980e+01
 -2.10751860e+00 -1.13843085e+01 2.01267463e+01
 -2.03724939e+00 -1.13848113e+01 2.01274946e+01
 -1.96698146e+00 -1.13853140e+01 2.01282430e+01
 -1.89671481e+00 -1.13858168e+01 2.01289913e+01
 -1.82644945e+00 -1.13863195e+01 2.01297396e+01
 -1.75618536e+00 -1.13868223e+01 2.01304879e+01
 -1.68592256e+00 -1.13873250e+01 2.01312361e+01
 -1.61566104e+00 -1.13878277e+01 2.01319844e+01
 -1.54540081e+00 -1.13883304e+01 2.01327327e+01
 -1.47514186e+00 -1.13888332e+01 2.01334809e+01
 -1.40488418e+00 -1.13893359e+01 2.01342292e+01
 -1.33462780e+00 -1.13898386e+01 2.01349774e+01
 -1.26437269e+00 -1.13903413e+01 2.01357256e+01
 -1.19411886e+00 -1.13908439e+01 2.01364738e+01
 -1.12386632e+00 -1.13913466e+01 2.01372220e+01
 -1.05361506e+00 -1.13918493e+01 2.01379702e+01
 -9.83365084e-01 -1.13923519e+01 2.01387184e+01
 -9.13116388e-01 -1.13928546e+01 2.01394666e+01
 -8.42868974e-01 -1.13933573e+01 2.01402147e+01
 -7.72622842e-01 -1.13938599e+01 2.01409629e+01
 -7.02377992e-01 -1.13943625e+01 2.01417110e+01
 -6.32134425e-01 -1.13948652e+01 2.01424591e+01
 -5.61892139e-01 -1.13953678e+01 2.01432072e+01
 -4.91651135e-01 -1.13958704e+01 2.01439553e+01
 -4.21411413e-01 -1.13963730e+01 2.01447034e+01
 -3.51172973e-01 -1.13968756e+01 2.01454515e+01
 -2.80935815e-01 -1.13973782e+01 2.01461996e+01
 -2.10699938e-01 -1.13978808e+01 2.01469476e+01
 -1.40465344e-01 -1.13983834e+01 2.01476957e+01
 -7.02320311e-02 -1.13988859e+01 2.01484437e+01
 0.00000000e+00 -1.13993885e+01 2.01491918e+01
 7.02307493e-02 -1.13998911e+01 2.01499398e+01
 1.40460217e-01 -1.14003936e+01 2.01506878e+01
 2.10688403e-01 -1.14008961e+01 2.01514358e+01
 2.80915307e-01 -1.14013987e+01 2.01521838e+01
 3.51140930e-01 -1.14019012e+01 2.01529318e+01
 4.21365271e-01 -1.14024037e+01 2.01536797e+01
 4.91588331e-01 -1.14029063e+01 2.01544277e+01
 5.61810109e-01 -1.14034088e+01 2.01551756e+01
 6.32030605e-01 -1.14039113e+01 2.01559236e+01
 7.02249820e-01 -1.14044138e+01 2.01566715e+01
 7.72467754e-01 -1.14049162e+01 2.01574194e+01
 8.42684406e-01 -1.14054187e+01 2.01581673e+01
 9.12899777e-01 -1.14059212e+01 2.01589152e+01
 9.83113866e-01 -1.14064237e+01 2.01596631e+01
 1.05332667e+00 -1.14069261e+01 2.01604110e+01
 1.12353820e+00 -1.14074286e+01 2.01611588e+01
 1.19374845e+00 -1.14079310e+01 2.01619067e+01
 1.26395741e+00 -1.14084335e+01 2.01626545e+01
 1.33416509e+00 -1.14089359e+01 2.01634024e+01
 1.40437150e+00 -1.14094383e+01 2.01641502e+01
 1.47457662e+00 -1.14099407e+01 2.01648980e+01
 1.54478046e+00 -1.14104431e+01 2.01656458e+01
 1.61498301e+00 -1.14109455e+01 2.01663936e+01
 1.68518429e+00 -1.14114479e+01 2.01671414e+01
 1.75538429e+00 -1.14119503e+01 2.01678891e+01
 1.82558300e+00 -1.14124527e+01 2.01686369e+01
 1.89578044e+00 -1.14129551e+01 2.01693846e+01
 1.96597659e+00 -1.14134575e+01 2.01701324e+01
 2.03617146e+00 -1.14139598e+01 2.01708801e+01
 2.10636505e+00 -1.14144622e+01 2.01716278e+01
 2.17655736e+00 -1.14149645e+01 2.01723755e+01
 2.24674839e+00 -1.14154669e+01 2.01731232e+01
 2.31693814e+00 -1.14159692e+01 2.01738709e+01
 2.38712661e+00 -1.14164715e+01 2.01746186e+01
 2.45731379e+00 -1.14169738e+01 2.01753662e+01
 2.52749970e+00 -1.14174762e+01 2.01761139e+01
 2.59768433e+00 -1.14179785e+01 2.01768615e+01
 2.66786767e+00 -1.14184808e+01 2.01776092e+01
 2.73804973e+00 -1.14189830e+01 2.01783568e+01
 2.80823052e+00 -1.14194853e+01 2.01791044e+01
 2.87841002e+00 -1.14199876e+01 2.01798520e+01
 2.94858824e+00 -1.14204899e+01 2.01805996e+01
 3.01876518e+00 -1.14209921e+01 2.01813472e+01
 3.08894084e+00 -1.14214944e+01 2.01820947e+01
 3.15911522e+00 -1.14219966e+01 2.01828423e+01
 3.22928832e+00 -1.14224989e+01 2.01835899e+01
 3.29946014e+00 -1.14230011e+01 2.01843374e+01
 3.36963068e+00 -1.14235033e+01 2.01850849e+01
 3.43979994e+00 -1.14240056e+01 2.01858324e+01
 3.50996792e+00 -1.14245078e+01 2.01865799e+01
 3.58013461e+00 -1.14250100e+01 2.01873274e+01
 3.65030003e+00 -1.14255122e+01 2.01880749e+01
 3.72046417e+00 -1.14260144e+01 2.01888224e+01
 3.79062703e+00 -1.14265166e+01 2.01895699e+01
 3.86078860e+00 -1.14270187e+01 2.01903173e+01
 3.93094890e+00 -1.14275209e+01 2.01910648e+01
 4.00110791e+00 -1.14280231e+01 2.01918122e+01
 4.07126565e+00 -1.14285252e+01 2.01925596e+01
 4.14142210e+00 -1.14290274e+01 2.01933070e+01
 4.21157728e+00 -1.14295295e+01 2.01940544e+01
 4.28173118e+00 -1.14300317e+01 2.01948018e+01
 4.35188379e+00 -1.14305338e+01 2.01955492e+01
 4.42203513e+00 -1.14310359e+01 2.01962966e+01
 4.49218518e+00 -1.14315380e+01 2.01970440e+01
 4.56233396e+00 -1.14320401e+01 2.01977913e+01
 4.63248145e+00 -1.14325422e+01 2.01985386e+01
 4.70262767e+00 -1.14330443e+01 2.01992860e+01
 4.77277260e+00 -1.14335464e+01 2.02000333e+01
 4.84291626e+00 -1.14340485e+01 2.02007806e+01
 4.91305863e+00 -1.14345506e+01 2.02015279e+01
 4.98319973e+00 -1.14350526e+01 2.02022752e+01
 5.05333954e+00 -1.14355547e+01 2.02030225e+01
 5.12347808e+00 -1.14360568e+01 2.02037697e+01
 5.19361534e+00 -1.14365588e+01 2.02045170e+01
 5.26375131e+00 -1.14370608e+01 2.02052642e+01
 5.33388601e+00 -1.14375629e+01 2.02060115e+01
 5.40401943e+00 -1.14380649e+01 2.02067587e+01
 5.47415156e+00 -1.14385669e+01 2.02075059e+01
 5.54428242e+00 -1.14390689e+01 2.02082531e+01
 5.61441200e+00 -1.14395709e+01 2.02090003e+01
 5.68454030e+00 -1.14400729e+01 2.02097475e+01
 5.75466732e+00 -1.14405749e+01 2.02104947e+01
 5.82479306e+00 -1.14410769e+01 2.02112418e+01
 5.89491752e+00 -1.14415789e+01 2.02119890e+01
 5.96504070e+00 -1.14420808e+01 2.02127361e+01
 6.03516260e+00 -1.14425828e+01 2.02134832e+01
 6.10528322e+00 -1.14430847e+01 2.02142304e+01
 6.17540256e+00 -1.14435867e+01 2.02149775e+01
 6.24552063e+00 -1.14440886e+01 2.02157246e+01
 6.31563741e+00 -1.14445906e+01 2.02164717e+01
 6.38575291e+00 -1.14450925e+01 2.02172187e+01
 6.47168005e+00 -1.14128245e+01 2.00173448e+01
 6.54196465e+00 -1.14133274e+01 2.00180947e+01
 6.61224797e+00 -1.14138303e+01 2.00188446e+01
 6.68253000e+00 -1.14143332e+01 2.00195944e+01
 6.75281075e+00 -1.14148360e+01 2.00203443e+01
 6.82309021e+00 -1.14153389e+01 2.00210941e+01
 6.89336839e+00 -1.14158417e+01 2.00218440e+01
 6.96364529e+00 -1.14163446e+01 2.00225938e+01
 7.05117183e+00 -1.13839615e+01 1.98219875e+01
 7.12161842e+00 -1.13844653e+01 1.98227401e+01
 7.19206372e+00 -1.13849691e+01 1.98234928e+01
 7.26250773e+00 -1.13854729e+01 1.98242454e+01
 7.33295046e+00 -1.13859767e+01 1.98249980e+01
 7.40339189e+00 -1.13864805e+01 1.98257506e+01
 7.47383204e+00 -1.13869842e+01 1.98265032e+01
 7.54427090e+00 -1.13874880e+01 1.98272558e+01
 7.61470847e+00 -1.13879918e+01 1.98280084e+01
 7.68514475e+00 -1.13884955e+01 1.98287610e+01
 7.75557974e+00 -1.13889992e+01 1.98295136e+01
 7.82601345e+00 -1.13895030e+01 1.98302661e+01
 7.89644586e+00 -1.13900067e+01 1.98310186e+01
 7.96687699e+00 -1.13905104e+01 1.98317712e+01
 8.03730683e+00 -1.13910141e+01 1.98325237e+01
 8.08790102e+00 -1.14243891e+01 2.00345896e+01
 8.15815610e+00 -1.14248918e+01 2.00353393e+01
 8.26884372e+00 -1.13595316e+01 1.96327116e+01
 8.33944123e+00 -1.13600362e+01 1.96334670e+01
 8.41003746e+00 -1.13605409e+01 1.96342223e+01
 8.48063239e+00 -1.13610455e+01 1.96349776e+01
 8.57225183e+00 -1.13284353e+01 1.94329088e+01
 8.64301765e+00 -1.13289410e+01 1.94336669e+01
 8.71378216e+00 -1.13294466e+01 1.94344251e+01
 8.78454537e+00 -1.13299522e+01 1.94351832e+01
