 -9.88094541e+00 -2.96404915e+01 2.47203956e+01
 -9.83808913e+00 -2.96325057e+01 2.45353852e+01
 -9.77161555e+00 -2.96325057e+01 2.45353852e+01
 -9.70514198e+00 -2.96325057e+01 2.45353852e+01
 -9.61568513e+00 -2.96404915e+01 2.47203956e+01
 -9.54937006e+00 -2.96404915e+01 2.47203956e+01
 -9.46047346e+00 -2.96484474e+01 2.49047144e+01
 -9.41673992e+00 -2.96404915e+01 2.47203956e+01
 -9.28387652e+00 -2.96642703e+01 2.52712927e+01
 -9.23997669e+00 -2.96563736e+01 2.50883455e+01
 -9.15219033e+00 -2.96642703e+01 2.52712927e+01
 -9.10797702e+00 -2.96563736e+01 2.50883455e+01
 -9.02050414e+00 -2.96642703e+01 2.52712927e+01
 -8.97597736e+00 -2.96563736e+01 2.50883455e+01
 -8.86773703e+00 -2.96721377e+01 2.54535597e+01
 -8.80205009e+00 -2.96721377e+01 2.54535597e+01
 -8.71567160e+00 -2.96799758e+01 2.56351504e+01
 -8.65014024e+00 -2.96799758e+01 2.56351504e+01
 -8.58460887e+00 -2.96799758e+01 2.56351504e+01
 -8.51907750e+00 -2.96799758e+01 2.56351504e+01
 -8.43355123e+00 -2.96877849e+01 2.58160686e+01
 -8.38801477e+00 -2.96799758e+01 2.56351504e+01
 -8.30279850e+00 -2.96877849e+01 2.58160686e+01
 -8.19857851e+00 -2.97033167e+01 2.61759020e+01
 -8.13351042e+00 -2.97033167e+01 2.61759020e+01
 -8.08752054e+00 -2.96955652e+01 2.59963179e+01
 -8.00337426e+00 -2.97033167e+01 2.61759020e+01
 -7.91960482e+00 -2.97110397e+01 2.63548248e+01
 -7.87323809e+00 -2.97033167e+01 2.61759020e+01
 -7.82663278e+00 -2.96955652e+01 2.59963179e+01
 -7.72486044e+00 -2.97110397e+01 2.63548248e+01
 -7.62396840e+00 -2.97264007e+01 2.67107004e+01
 -7.57716189e+00 -2.97187343e+01 2.65330897e+01
 -7.49474860e+00 -2.97264007e+01 2.67107004e+01
 -7.43013870e+00 -2.97264007e+01 2.67107004e+01
 -7.34824545e+00 -2.97340389e+01 2.68876605e+01
 -7.28378715e+00 -2.97340389e+01 2.68876605e+01
 -7.23630899e+00 -2.97264007e+01 2.67107004e+01
 -7.13810357e+00 -2.97416493e+01 2.70639736e+01
 -7.05724104e+00 -2.97492319e+01 2.72396433e+01
 -6.97673927e+00 -2.97567868e+01 2.74146729e+01
 -6.91273249e+00 -2.97567868e+01 2.74146729e+01
 -6.86477083e+00 -2.97492319e+01 2.72396433e+01
 -6.80061409e+00 -2.97492319e+01 2.72396433e+01
 -6.73645736e+00 -2.97492319e+01 2.72396433e+01
 -6.68795290e+00 -2.97416493e+01 2.70639736e+01
 -6.60814388e+00 -2.97492319e+01 2.72396433e+01
 -6.54398715e+00 -2.97492319e+01 2.72396433e+01
 -6.46468501e+00 -2.97567868e+01 2.74146729e+01
 -6.40067823e+00 -2.97567868e+01 2.74146729e+01
 -6.33667145e+00 -2.97567868e+01 2.74146729e+01
 -6.27266467e+00 -2.97567868e+01 2.74146729e+01
 -6.20865788e+00 -2.97567868e+01 2.74146729e+01
 -6.14465110e+00 -2.97567868e+01 2.74146729e+01
 -6.08064432e+00 -2.97567868e+01 2.74146729e+01
 -5.98859960e+00 -2.97718144e+01 2.77628262e+01
 -5.91109665e+00 -2.97792874e+01 2.79359568e+01
 -5.83393970e+00 -2.97867334e+01 2.81084613e+01
 -5.78397629e+00 -2.97792874e+01 2.79359568e+01
 -5.69386175e+00 -2.97941524e+01 2.82803429e+01
 -5.64370253e+00 -2.97867334e+01 2.81084613e+01
 -5.58029015e+00 -2.97867334e+01 2.81084613e+01
 -5.51687776e+00 -2.97867334e+01 2.81084613e+01
 -5.44080123e+00 -2.97941524e+01 2.82803429e+01
 -5.37753610e+00 -2.97941524e+01 2.82803429e+01
 -5.30194592e+00 -2.98015448e+01 2.84516052e+01
 -5.23882752e+00 -2.98015448e+01 2.84516052e+01
 -5.17570912e+00 -2.98015448e+01 2.84516052e+01
 -5.11259071e+00 -2.98015448e+01 2.84516052e+01
 -5.04947231e+00 -2.98015448e+01 2.84516052e+01
 -4.98635390e+00 -2.98015448e+01 2.84516052e+01
 -4.92323550e+00 -2.98015448e+01 2.84516052e+01
 -4.86011710e+00 -2.98015448e+01 2.84516052e+01
 -4.79699869e+00 -2.98015448e+01 2.84516052e+01
 -4.73388029e+00 -2.98015448e+01 2.84516052e+01
 -4.67076188e+00 -2.98015448e+01 2.84516052e+01
 -4.59697096e+00 -2.98089105e+01 2.86222514e+01
 -4.53399875e+00 -2.98089105e+01 2.86222514e+01
 -4.47102655e+00 -2.98089105e+01 2.86222514e+01
 -4.40805434e+00 -2.98089105e+01 2.86222514e+01
 -4.34508214e+00 -2.98089105e+01 2.86222514e+01
 -4.28210993e+00 -2.98089105e+01 2.86222514e+01
 -4.21913773e+00 -2.98089105e+01 2.86222514e+01
 -4.15616552e+00 -2.98089105e+01 2.86222514e+01
 -4.09319332e+00 -2.98089105e+01 2.86222514e+01
 -4.03022111e+00 -2.98089105e+01 2.86222514e+01
 -3.96724891e+00 -2.98089105e+01 2.86222514e+01
 -3.90427670e+00 -2.98089105e+01 2.86222514e+01
 -3.84130450e+00 -2.98089105e+01 2.86222514e+01
 -3.77833229e+00 -2.98089105e+01 2.86222514e+01
 -3.71536009e+00 -2.98089105e+01 2.86222514e+01
 -3.65238788e+00 -2.98089105e+01 2.86222514e+01
 -3.58111226e+00 -2.98162498e+01 2.87922849e+01
 -3.52644347e+00 -2.98089105e+01 2.86222514e+01
 -3.45545920e+00 -2.98162498e+01 2.87922849e+01
 -3.39263267e+00 -2.98162498e+01 2.87922849e+01
 -3.32980614e+00 -2.98162498e+01 2.87922849e+01
 -3.26697961e+00 -2.98162498e+01 2.87922849e+01
 -3.20415308e+00 -2.98162498e+01 2.87922849e+01
 -3.14132654e+00 -2.98162498e+01 2.87922849e+01
 -3.07850001e+00 -2.98162498e+01 2.87922849e+01
 -3.01567348e+00 -2.98162498e+01 2.87922849e+01
 -2.95284695e+00 -2.98162498e+01 2.87922849e+01
 -2.89002042e+00 -2.98162498e+01 2.87922849e+01
 -2.82719389e+00 -2.98162498e+01 2.87922849e+01
 -2.76436736e+00 -2.98162498e+01 2.87922849e+01
 -2.70154083e+00 -2.98162498e+01 2.87922849e+01
 -2.63871430e+00 -2.98162498e+01 2.87922849e+01
 -2.57588777e+00 -2.98162498e+01 2.87922849e+01
 -2.51306124e+00 -2.98162498e+01 2.87922849e+01
 -2.45023470e+00 -2.98162498e+01 2.87922849e+01
 -2.38740817e+00 -2.98162498e+01 2.87922849e+01
 -2.32458164e+00 -2.98162498e+01 2.87922849e+01
 -2.26175511e+00 -2.98162498e+01 2.87922849e+01
 -2.19892858e+00 -2.98162498e+01 2.87922849e+01
 -2.13610205e+00 -2.98162498e+01 2.87922849e+01
 -2.07327552e+00 -2.98162498e+01 2.87922849e+01
 -2.01044899e+00 -2.98162498e+01 2.87922849e+01
 -1.94762246e+00 -2.98162498e+01 2.87922849e+01
 -1.88479593e+00 -2.98162498e+01 2.87922849e+01
 -1.82196940e+00 -2.98162498e+01 2.87922849e+01
 -1.75914286e+00 -2.98162498e+01 2.87922849e+01
 -1.69631633e+00 -2.98162498e+01 2.87922849e+01
 -1.63348980e+00 -2.98162498e+01 2.87922849e+01
 -1.57066327e+00 -2.98162498e+01 2.87922849e+01
 -1.50783674e+00 -2.98162498e+01 2.87922849e+01
 -1.44501021e+00 -2.98162498e+01 2.87922849e+01
 -1.38218368e+00 -2.98162498e+01 2.87922849e+01
 -1.31935715e+00 -2.98162498e+01 2.87922849e+01
 -1.25653062e+00 -2.98162498e+01 2.87922849e+01
 -1.19370409e+00 -2.98162498e+01 2.87922849e+01
 -1.13087756e+00 -2.98162498e+01 2.87922849e+01
 -1.06805103e+00 -2.98162498e+01 2.87922849e+01
 -1.00522449e+00 -2.98162498e+01 2.87922849e+01
 -9.44583073e-01 -2.98089105e+01 2.86222514e+01
 -8.81610868e-01 -2.98089105e+01 2.86222514e+01
 -8.18638664e-01 -2.98089105e+01 2.86222514e+01
 -7.53918371e-01 -2.98162498e+01 2.87922849e+01
 -6.91091840e-01 -2.98162498e+01 2.87922849e+01
 -6.28265309e-01 -2.98162498e+01 2.87922849e+01
 -5.65438778e-01 -2.98162498e+01 2.87922849e+01
 -5.02612247e-01 -2.98162498e+01 2.87922849e+01
 -4.39785716e-01 -2.98162498e+01 2.87922849e+01
 -3.77833229e-01 -2.98089105e+01 2.86222514e+01
 -3.15592019e-01 -2.98015448e+01 2.84516052e+01
 -2.51888820e-01 -2.98089105e+01 2.86222514e+01
 -1.88916615e-01 -2.98089105e+01 2.86222514e+01
 -1.25653062e-01 -2.98162498e+01 2.87922849e+01
 -6.29722049e-02 -2.98089105e+01 2.86222514e+01
 0.00000000e+00 -2.98015448e+01 2.84516052e+01
 6.31184038e-02 -2.98015448e+01 2.84516052e+01
 1.26824776e-01 -2.97867334e+01 2.81084613e+01
 1.89355212e-01 -2.98015448e+01 2.84516052e+01
 2.53060522e-01 -2.97941524e+01 2.82803429e+01
 3.16325653e-01 -2.97941524e+01 2.82803429e+01
 3.79590784e-01 -2.97941524e+01 2.82803429e+01
 4.42855914e-01 -2.97941524e+01 2.82803429e+01
 5.07299104e-01 -2.97867334e+01 2.81084613e+01
 5.69386175e-01 -2.97941524e+01 2.82803429e+01
 6.32651306e-01 -2.97941524e+01 2.82803429e+01
 6.95916437e-01 -2.97941524e+01 2.82803429e+01
 7.57420846e-01 -2.98015448e+01 2.84516052e+01
 8.20539250e-01 -2.98015448e+01 2.84516052e+01
 8.83657654e-01 -2.98015448e+01 2.84516052e+01
 9.46776058e-01 -2.98015448e+01 2.84516052e+01
 1.00989446e+00 -2.98015448e+01 2.84516052e+01
 1.07550722e+00 -2.97941524e+01 2.82803429e+01
 1.13877235e+00 -2.97941524e+01 2.82803429e+01
 1.20203748e+00 -2.97941524e+01 2.82803429e+01
 1.26530261e+00 -2.97941524e+01 2.82803429e+01
 1.32856774e+00 -2.97941524e+01 2.82803429e+01
 1.39507254e+00 -2.97867334e+01 2.81084613e+01
 1.46188412e+00 -2.97792874e+01 2.79359568e+01
 1.52544430e+00 -2.97792874e+01 2.79359568e+01
 1.58900447e+00 -2.97792874e+01 2.79359568e+01
 1.64872209e+00 -2.97867334e+01 2.81084613e+01
 1.71612483e+00 -2.97792874e+01 2.79359568e+01
 1.77968501e+00 -2.97792874e+01 2.79359568e+01
 1.84324519e+00 -2.97792874e+01 2.79359568e+01
 1.90680537e+00 -2.97792874e+01 2.79359568e+01
 1.97036555e+00 -2.97792874e+01 2.79359568e+01
 2.03392573e+00 -2.97792874e+01 2.79359568e+01
 2.09748591e+00 -2.97792874e+01 2.79359568e+01
 2.16104609e+00 -2.97792874e+01 2.79359568e+01
 2.22460626e+00 -2.97792874e+01 2.79359568e+01
 2.28816644e+00 -2.97792874e+01 2.79359568e+01
 2.35172662e+00 -2.97792874e+01 2.79359568e+01
 2.41528680e+00 -2.97792874e+01 2.79359568e+01
 2.47884698e+00 -2.97792874e+01 2.79359568e+01
 2.54240716e+00 -2.97792874e+01 2.79359568e+01
 2.60596734e+00 -2.97792874e+01 2.79359568e+01
 2.66952752e+00 -2.97792874e+01 2.79359568e+01
 2.73308770e+00 -2.97792874e+01 2.79359568e+01
 2.79664788e+00 -2.97792874e+01 2.79359568e+01
 2.86020805e+00 -2.97792874e+01 2.79359568e+01
 2.92376823e+00 -2.97792874e+01 2.79359568e+01
 2.98732841e+00 -2.97792874e+01 2.79359568e+01
 3.05800831e+00 -2.97718144e+01 2.77628262e+01
 3.11444877e+00 -2.97792874e+01 2.79359568e+01
 3.17800895e+00 -2.97792874e+01 2.79359568e+01
 3.24156913e+00 -2.97792874e+01 2.79359568e+01
 3.29744418e+00 -2.97867334e+01 2.81084613e+01
 3.36085656e+00 -2.97867334e+01 2.81084613e+01
 3.43224967e+00 -2.97792874e+01 2.79359568e+01
 3.49580984e+00 -2.97792874e+01 2.79359568e+01
 3.55937002e+00 -2.97792874e+01 2.79359568e+01
 3.62293020e+00 -2.97792874e+01 2.79359568e+01
 3.68649038e+00 -2.97792874e+01 2.79359568e+01
 3.73264271e+00 -2.97941524e+01 2.82803429e+01
 3.79590784e+00 -2.97941524e+01 2.82803429e+01
 3.86815567e+00 -2.97867334e+01 2.81084613e+01
 3.92243810e+00 -2.97941524e+01 2.82803429e+01
 3.99498045e+00 -2.97867334e+01 2.81084613e+01
 4.05839283e+00 -2.97867334e+01 2.81084613e+01
 4.11223349e+00 -2.97941524e+01 2.82803429e+01
 4.17549862e+00 -2.97941524e+01 2.82803429e+01
 4.22893306e+00 -2.98015448e+01 2.84516052e+01
 4.29205146e+00 -2.98015448e+01 2.84516052e+01
 4.34508214e+00 -2.98089105e+01 2.86222514e+01
 4.40805434e+00 -2.98089105e+01 2.86222514e+01
 4.48140667e+00 -2.98015448e+01 2.84516052e+01
 4.54452508e+00 -2.98015448e+01 2.84516052e+01
 4.61835453e+00 -2.97941524e+01 2.82803429e+01
 4.68161966e+00 -2.97941524e+01 2.82803429e+01
 4.73388029e+00 -2.98015448e+01 2.84516052e+01
 4.79699869e+00 -2.98015448e+01 2.84516052e+01
 4.86011710e+00 -2.98015448e+01 2.84516052e+01
 4.92323550e+00 -2.98015448e+01 2.84516052e+01
 4.98635390e+00 -2.98015448e+01 2.84516052e+01
 5.04947231e+00 -2.98015448e+01 2.84516052e+01
 5.11259071e+00 -2.98015448e+01 2.84516052e+01
 5.17570912e+00 -2.98015448e+01 2.84516052e+01
 5.23882752e+00 -2.98015448e+01 2.84516052e+01
 5.30194592e+00 -2.98015448e+01 2.84516052e+01
 5.36506433e+00 -2.98015448e+01 2.84516052e+01
 5.42818273e+00 -2.98015448e+01 2.84516052e+01
 5.49130113e+00 -2.98015448e+01 2.84516052e+01
 5.55441954e+00 -2.98015448e+01 2.84516052e+01
 5.61753794e+00 -2.98015448e+01 2.84516052e+01
 5.68065635e+00 -2.98015448e+01 2.84516052e+01
 5.74377475e+00 -2.98015448e+01 2.84516052e+01
 5.80689315e+00 -2.98015448e+01 2.84516052e+01
 5.87001156e+00 -2.98015448e+01 2.84516052e+01
 5.93312996e+00 -2.98015448e+01 2.84516052e+01
 5.99624837e+00 -2.98015448e+01 2.84516052e+01
 6.05936677e+00 -2.98015448e+01 2.84516052e+01
 6.12248517e+00 -2.98015448e+01 2.84516052e+01
 6.18560358e+00 -2.98015448e+01 2.84516052e+01
 6.24872198e+00 -2.98015448e+01 2.84516052e+01
 6.31184038e+00 -2.98015448e+01 2.84516052e+01
 6.37495879e+00 -2.98015448e+01 2.84516052e+01
 6.43807719e+00 -2.98015448e+01 2.84516052e+01
 6.50119560e+00 -2.98015448e+01 2.84516052e+01
 6.56431400e+00 -2.98015448e+01 2.84516052e+01
 6.62743240e+00 -2.98015448e+01 2.84516052e+01
 6.69055081e+00 -2.98015448e+01 2.84516052e+01
 6.75366921e+00 -2.98015448e+01 2.84516052e+01
 6.81678762e+00 -2.98015448e+01 2.84516052e+01
 6.87990602e+00 -2.98015448e+01 2.84516052e+01
 6.94302442e+00 -2.98015448e+01 2.84516052e+01
 7.00614283e+00 -2.98015448e+01 2.84516052e+01
 7.06926123e+00 -2.98015448e+01 2.84516052e+01
 7.13237963e+00 -2.98015448e+01 2.84516052e+01
 7.19549804e+00 -2.98015448e+01 2.84516052e+01
 7.25861644e+00 -2.98015448e+01 2.84516052e+01
 7.32173485e+00 -2.98015448e+01 2.84516052e+01
 7.38485325e+00 -2.98015448e+01 2.84516052e+01
 7.44797165e+00 -2.98015448e+01 2.84516052e+01
 7.51109006e+00 -2.98015448e+01 2.84516052e+01
 7.57420846e+00 -2.98015448e+01 2.84516052e+01
 7.63732687e+00 -2.98015448e+01 2.84516052e+01
 7.70044527e+00 -2.98015448e+01 2.84516052e+01
 7.76356367e+00 -2.98015448e+01 2.84516052e+01
 7.84487619e+00 -2.97941524e+01 2.82803429e+01
 7.87152561e+00 -2.98089105e+01 2.86222514e+01
 7.95291888e+00 -2.98015448e+01 2.84516052e+01
 7.97896942e+00 -2.98162498e+01 2.87922849e+01
 8.07915569e+00 -2.98015448e+01 2.84516052e+01
 8.12341443e+00 -2.98089105e+01 2.86222514e+01
 8.20539250e+00 -2.98015448e+01 2.84516052e+01
 8.26851090e+00 -2.98015448e+01 2.84516052e+01
 8.33162931e+00 -2.98015448e+01 2.84516052e+01
 8.41426237e+00 -2.97941524e+01 2.82803429e+01
 8.47752750e+00 -2.97941524e+01 2.82803429e+01
 8.52098452e+00 -2.98015448e+01 2.84516052e+01
 8.58410292e+00 -2.98015448e+01 2.84516052e+01
 8.66732289e+00 -2.97941524e+01 2.82803429e+01
 8.73058802e+00 -2.97941524e+01 2.82803429e+01
 8.83486488e+00 -2.97792874e+01 2.79359568e+01
 8.91919090e+00 -2.97718144e+01 2.77628262e+01
 8.98289940e+00 -2.97718144e+01 2.77628262e+01
 9.11025661e+00 -2.97492319e+01 2.72396433e+01
 9.17441335e+00 -2.97492319e+01 2.72396433e+01
 9.19546174e+00 -2.97643143e+01 2.75890661e+01
 9.28098343e+00 -2.97567868e+01 2.74146729e+01
 9.36688356e+00 -2.97492319e+01 2.72396433e+01
 9.40899700e+00 -2.97567868e+01 2.74146729e+01
 9.49519703e+00 -2.97492319e+01 2.72396433e+01
 9.55935377e+00 -2.97492319e+01 2.72396433e+01
 9.60101735e+00 -2.97567868e+01 2.74146729e+01
 9.66502413e+00 -2.97567868e+01 2.74146729e+01
 9.72903091e+00 -2.97567868e+01 2.74146729e+01
 9.81598072e+00 -2.97492319e+01 2.72396433e+01
 9.85704448e+00 -2.97567868e+01 2.74146729e+01
 9.96762211e+00 -2.97416493e+01 2.70639736e+01
 1.00319293e+01 -2.97416493e+01 2.70639736e+01
 1.01199521e+01 -2.97340389e+01 2.68876605e+01
 1.02324067e+01 -2.97187343e+01 2.65330897e+01
 1.02971687e+01 -2.97187343e+01 2.65330897e+01
 1.03619308e+01 -2.97187343e+01 2.65330897e+01
 1.04266929e+01 -2.97187343e+01 2.65330897e+01
 1.04914549e+01 -2.97187343e+01 2.65330897e+01
 1.05811114e+01 -2.97110397e+01 2.63548248e+01
 1.06711657e+01 -2.97033167e+01 2.61759020e+01
 1.07109409e+01 -2.97110397e+01 2.63548248e+01
 1.08268420e+01 -2.96955652e+01 2.59963179e+01
 1.09178531e+01 -2.96877849e+01 2.58160686e+01
 1.09314380e+01 -2.97033167e+01 2.61759020e+01
 1.10225078e+01 -2.96955652e+01 2.59963179e+01
 1.10877298e+01 -2.96955652e+01 2.59963179e+01
 1.11793586e+01 -2.96877849e+01 2.58160686e+01
 1.12447350e+01 -2.96877849e+01 2.58160686e+01
 1.13369262e+01 -2.96799758e+01 2.56351504e+01
 1.13754877e+01 -2.96877849e+01 2.58160686e+01
 1.14408641e+01 -2.96877849e+01 2.58160686e+01
 1.15335203e+01 -2.96799758e+01 2.56351504e+01
 1.15990517e+01 -2.96799758e+01 2.56351504e+01
 1.16645830e+01 -2.96799758e+01 2.56351504e+01
 1.17301144e+01 -2.96799758e+01 2.56351504e+01
 1.18236494e+01 -2.96721377e+01 2.54535597e+01
 1.18893363e+01 -2.96721377e+01 2.54535597e+01
 1.19550233e+01 -2.96721377e+01 2.54535597e+01
 1.20492865e+01 -2.96642703e+01 2.52712927e+01
 1.21439694e+01 -2.96563736e+01 2.50883455e+01
 1.22390741e+01 -2.96484474e+01 2.49047144e+01
 1.22759690e+01 -2.96563736e+01 2.50883455e+01
 1.24009181e+01 -2.96404915e+01 2.47203956e+01
 1.24375455e+01 -2.96484474e+01 2.49047144e+01
 1.25335482e+01 -2.96404915e+01 2.47203956e+01
 1.26299793e+01 -2.96325057e+01 2.45353852e+01
 1.26661783e+01 -2.96404915e+01 2.47203956e+01
 1.27324934e+01 -2.96404915e+01 2.47203956e+01
 1.28601066e+01 -2.96244900e+01 2.43496792e+01
 1.29577211e+01 -2.96164440e+01 2.41632737e+01
 1.30245135e+01 -2.96164440e+01 2.41632737e+01
 1.31227253e+01 -2.96083677e+01 2.39761648e+01
 1.32213771e+01 -2.96002608e+01 2.37883485e+01
 1.33204714e+01 -2.95921232e+01 2.35998208e+01
 1.33877465e+01 -2.95921232e+01 2.35998208e+01
 1.34550216e+01 -2.95921232e+01 2.35998208e+01
 1.35548852e+01 -2.95839547e+01 2.34105776e+01
 1.35895718e+01 -2.95921232e+01 2.35998208e+01
 1.36568469e+01 -2.95921232e+01 2.35998208e+01
 1.37241220e+01 -2.95921232e+01 2.35998208e+01
 1.37913971e+01 -2.95921232e+01 2.35998208e+01
