 -8.65586411e+00 -3.21847216e+01 2.61600260e+01
 -8.57050573e+00 -3.21892748e+01 2.63393240e+01
 -8.46553062e+00 -3.21984278e+01 2.66961459e+01
 -8.38115950e+00 -3.22029303e+01 2.68734621e+01
 -8.33633321e+00 -3.21982332e+01 2.66957176e+01
 -8.25226538e+00 -3.22027360e+01 2.68730354e+01
 -8.16857244e+00 -3.22072220e+01 2.70497001e+01
 -8.08525232e+00 -3.22116914e+01 2.72257154e+01
 -8.03997904e+00 -3.22070279e+01 2.70492749e+01
 -7.97568180e+00 -3.22069309e+01 2.70490623e+01
 -7.93002369e+00 -3.22022501e+01 2.68719686e+01
 -7.84708621e+00 -3.22067368e+01 2.70486371e+01
 -7.78278787e+00 -3.22066398e+01 2.70484245e+01
 -7.68231936e+00 -3.22156605e+01 2.74000293e+01
 -7.63622282e+00 -3.22110131e+01 2.72242325e+01
 -7.57207430e+00 -3.22109162e+01 2.72240206e+01
 -7.50792542e+00 -3.22108193e+01 2.72238088e+01
 -7.42632596e+00 -3.22152734e+01 2.73991850e+01
 -7.36232671e+00 -3.22151766e+01 2.73989739e+01
 -7.28124050e+00 -3.22196144e+01 2.75737084e+01
 -7.21739033e+00 -3.22195178e+01 2.75734981e+01
 -7.18717554e+00 -3.22103347e+01 2.72227495e+01
 -7.08968891e+00 -3.22193245e+01 2.75730774e+01
 -7.04232502e+00 -3.22146927e+01 2.73979184e+01
 -6.94570832e+00 -3.22236498e+01 2.77469658e+01
 -6.88200562e+00 -3.22235533e+01 2.77467562e+01
 -6.81830256e+00 -3.22234568e+01 2.77465466e+01
 -6.73882705e+00 -3.22278628e+01 2.79200114e+01
 -6.69089536e+00 -3.22232637e+01 2.77461274e+01
 -6.62719122e+00 -3.22231672e+01 2.77459178e+01
 -6.54816082e+00 -3.22275736e+01 2.79193848e+01
 -6.48460469e+00 -3.22274772e+01 2.79191759e+01
 -6.42104821e+00 -3.22273809e+01 2.79189671e+01
 -6.35749137e+00 -3.22272845e+01 2.79187582e+01
 -6.27925691e+00 -3.22316751e+01 2.80915956e+01
 -6.23037661e+00 -3.22270917e+01 2.79183405e+01
 -6.16681870e+00 -3.22269953e+01 2.79181316e+01
 -6.08902775e+00 -3.22313863e+01 2.80909712e+01
 -6.01158411e+00 -3.22357613e+01 2.82631823e+01
 -5.94832098e+00 -3.22356651e+01 2.82629749e+01
 -5.87136953e+00 -3.22400242e+01 2.84345616e+01
 -5.80825281e+00 -3.22399282e+01 2.84343550e+01
 -5.73179061e+00 -3.22442715e+01 2.86053208e+01
 -5.66881978e+00 -3.22441756e+01 2.86051148e+01
 -5.61890054e+00 -3.22396402e+01 2.84337350e+01
 -5.54287706e+00 -3.22439839e+01 2.86047030e+01
 -5.49266392e+00 -3.22394482e+01 2.84333217e+01
 -5.42954508e+00 -3.22393521e+01 2.84331150e+01
 -5.35396033e+00 -3.22436962e+01 2.86040852e+01
 -5.29098738e+00 -3.22436004e+01 2.86038793e+01
 -5.22801408e+00 -3.22435045e+01 2.86036733e+01
 -5.17706617e+00 -3.22389681e+01 2.84322884e+01
 -5.11394556e+00 -3.22388721e+01 2.84320817e+01
 -5.05082459e+00 -3.22387761e+01 2.84318750e+01
 -4.98770327e+00 -3.22386801e+01 2.84316684e+01
 -4.92458160e+00 -3.22385841e+01 2.84314617e+01
 -4.86145957e+00 -3.22384880e+01 2.84312550e+01
 -4.79833719e+00 -3.22383920e+01 2.84310484e+01
 -4.73521445e+00 -3.22382960e+01 2.84308417e+01
 -4.67209136e+00 -3.22382000e+01 2.84306350e+01
 -4.60896792e+00 -3.22381040e+01 2.84304284e+01
 -4.54584412e+00 -3.22380080e+01 2.84302217e+01
 -4.48271997e+00 -3.22379120e+01 2.84300150e+01
 -4.41959546e+00 -3.22378159e+01 2.84298083e+01
 -4.37682090e+00 -3.22287870e+01 2.80853516e+01
 -4.31340084e+00 -3.22286907e+01 2.80851434e+01
 -4.24998042e+00 -3.22285945e+01 2.80849353e+01
 -4.18655965e+00 -3.22284982e+01 2.80847271e+01
 -4.12313852e+00 -3.22284019e+01 2.80845190e+01
 -4.05971703e+00 -3.22283056e+01 2.80843108e+01
 -3.99629519e+00 -3.22282094e+01 2.80841027e+01
 -3.93287299e+00 -3.22281131e+01 2.80838945e+01
 -3.86043833e+00 -3.22324924e+01 2.82561306e+01
 -3.79716311e+00 -3.22323963e+01 2.82559232e+01
 -3.73388755e+00 -3.22323001e+01 2.82557158e+01
 -3.67061162e+00 -3.22322040e+01 2.82555084e+01
 -3.60733534e+00 -3.22321078e+01 2.82553010e+01
 -3.54405871e+00 -3.22320117e+01 2.82550935e+01
 -3.48078172e+00 -3.22319155e+01 2.82548861e+01
 -3.41750438e+00 -3.22318194e+01 2.82546787e+01
 -3.35422668e+00 -3.22317232e+01 2.82544713e+01
 -3.28329380e+00 -3.22360876e+01 2.84260881e+01
 -3.22016256e+00 -3.22359916e+01 2.84258814e+01
 -3.15703098e+00 -3.22358955e+01 2.84256747e+01
 -3.10111233e+00 -3.22313386e+01 2.82536416e+01
 -3.03783285e+00 -3.22312425e+01 2.82534342e+01
 -2.97455302e+00 -3.22311463e+01 2.82532267e+01
 -2.90450108e+00 -3.22355114e+01 2.84248479e+01
 -2.84799229e+00 -3.22309540e+01 2.82528119e+01
 -2.77823401e+00 -3.22353194e+01 2.84244345e+01
 -2.71509994e+00 -3.22352234e+01 2.84242278e+01
 -2.65814853e+00 -3.22306655e+01 2.82521896e+01
 -2.58883074e+00 -3.22350313e+01 2.84238144e+01
 -2.52569561e+00 -3.22349353e+01 2.84236077e+01
 -2.46256013e+00 -3.22348393e+01 2.84234010e+01
 -2.39942429e+00 -3.22347432e+01 2.84231943e+01
 -2.33628810e+00 -3.22346472e+01 2.84229876e+01
 -2.27315155e+00 -3.22345512e+01 2.84227809e+01
 -2.21001465e+00 -3.22344551e+01 2.84225742e+01
 -2.14687740e+00 -3.22343591e+01 2.84223675e+01
 -2.08373979e+00 -3.22342631e+01 2.84221608e+01
 -2.02060183e+00 -3.22341670e+01 2.84219541e+01
 -1.95746351e+00 -3.22340710e+01 2.84217474e+01
 -1.89432484e+00 -3.22339750e+01 2.84215407e+01
 -1.82693184e+00 -3.22383262e+01 2.85925516e+01
 -1.76393914e+00 -3.22382303e+01 2.85923457e+01
 -1.70094607e+00 -3.22381344e+01 2.85921397e+01
 -1.63795266e+00 -3.22380385e+01 2.85919337e+01
 -1.57495889e+00 -3.22379426e+01 2.85917277e+01
 -1.51196477e+00 -3.22378467e+01 2.85915217e+01
 -1.44897030e+00 -3.22377508e+01 2.85913157e+01
 -1.38597547e+00 -3.22376549e+01 2.85911098e+01
 -1.32298029e+00 -3.22375590e+01 2.85909038e+01
 -1.25998476e+00 -3.22374631e+01 2.85906978e+01
 -1.19698888e+00 -3.22373672e+01 2.85904918e+01
 -1.13399264e+00 -3.22372713e+01 2.85902858e+01
 -1.07099605e+00 -3.22371754e+01 2.85900798e+01
 -1.00799910e+00 -3.22370795e+01 2.85898738e+01
 -9.45001807e-01 -3.22369836e+01 2.85896678e+01
 -8.82004157e-01 -3.22368876e+01 2.85894618e+01
 -8.19006155e-01 -3.22367917e+01 2.85892559e+01
 -7.56007799e-01 -3.22366958e+01 2.85890499e+01
 -6.93009090e-01 -3.22365999e+01 2.85888439e+01
 -6.30010029e-01 -3.22365040e+01 2.85886379e+01
 -5.67010614e-01 -3.22364081e+01 2.85884319e+01
 -5.04010847e-01 -3.22363122e+01 2.85882259e+01
 -4.41010726e-01 -3.22362163e+01 2.85880199e+01
 -3.78010253e-01 -3.22361204e+01 2.85878139e+01
 -3.15009427e-01 -3.22360244e+01 2.85876079e+01
 -2.52008247e-01 -3.22359285e+01 2.85874019e+01
 -1.89446829e-01 -3.22313820e+01 2.84159592e+01
 -1.26298240e-01 -3.22312859e+01 2.84157525e+01
 -6.30025913e-02 -3.22356408e+01 2.85867839e+01
 0.00000000e+00 -3.22355449e+01 2.85865779e+01
 6.30029442e-02 -3.22354490e+01 2.85863719e+01
 1.26006241e-01 -3.22353530e+01 2.85861659e+01
 1.89009892e-01 -3.22352571e+01 2.85859599e+01
 2.52013895e-01 -3.22351612e+01 2.85857538e+01
 3.15018251e-01 -3.22350653e+01 2.85855478e+01
 3.78022960e-01 -3.22349694e+01 2.85853418e+01
 4.42055000e-01 -3.22304215e+01 2.84138919e+01
 5.02863995e-01 -3.22392135e+01 2.87555543e+01
 5.65723577e-01 -3.22391177e+01 2.87553491e+01
 6.30045327e-01 -3.22345857e+01 2.85845178e+01
 6.93051801e-01 -3.22344898e+01 2.85843118e+01
 7.57819198e-01 -3.22299413e+01 2.84128582e+01
 8.20973101e-01 -3.22298453e+01 2.84126514e+01
 8.82073342e-01 -3.22342020e+01 2.85836937e+01
 9.47281969e-01 -3.22296532e+01 2.84122379e+01
 1.01515756e+00 -3.22206022e+01 2.80676561e+01
 1.07609553e+00 -3.22249916e+01 2.82399496e+01
 1.13674793e+00 -3.22293650e+01 2.84116177e+01
 1.20270176e+00 -3.22247993e+01 2.82395347e+01
 1.26896122e+00 -3.22202170e+01 2.80668232e+01
 1.32930941e+00 -3.22246069e+01 2.82391197e+01
 1.39261377e+00 -3.22245107e+01 2.82389122e+01
 1.45931771e+00 -3.22199280e+01 2.80661985e+01
 1.52633058e+00 -3.22153287e+01 2.78928530e+01
 1.58993217e+00 -3.22152323e+01 2.78926440e+01
 1.65353411e+00 -3.22151358e+01 2.78924350e+01
 1.71713641e+00 -3.22150394e+01 2.78922261e+01
 1.78073907e+00 -3.22149429e+01 2.78920171e+01
 1.84434208e+00 -3.22148465e+01 2.78918081e+01
 1.90794546e+00 -3.22147500e+01 2.78915991e+01
 1.97154919e+00 -3.22146536e+01 2.78913902e+01
 2.03515328e+00 -3.22145572e+01 2.78911812e+01
 2.09875773e+00 -3.22144607e+01 2.78909722e+01
 2.16236253e+00 -3.22143643e+01 2.78907633e+01
 2.22596770e+00 -3.22142678e+01 2.78905543e+01
 2.28957322e+00 -3.22141714e+01 2.78903453e+01
 2.35317910e+00 -3.22140749e+01 2.78901363e+01
 2.41678534e+00 -3.22139785e+01 2.78899273e+01
 2.48039193e+00 -3.22138820e+01 2.78897184e+01
 2.54399889e+00 -3.22137856e+01 2.78895094e+01
 2.60760620e+00 -3.22136891e+01 2.78893004e+01
 2.67121387e+00 -3.22135927e+01 2.78890914e+01
 2.73482190e+00 -3.22134962e+01 2.78888824e+01
 2.79843029e+00 -3.22133998e+01 2.78886735e+01
 2.86203904e+00 -3.22133033e+01 2.78884645e+01
 2.92564814e+00 -3.22132069e+01 2.78882555e+01
 2.99625548e+00 -3.22085879e+01 2.77142581e+01
 3.06001422e+00 -3.22084913e+01 2.77140484e+01
 3.11647760e+00 -3.22129175e+01 2.78876285e+01
 3.18008813e+00 -3.22128211e+01 2.78874195e+01
 3.25129260e+00 -3.22082016e+01 2.77134192e+01
 3.30731028e+00 -3.22126282e+01 2.78870016e+01
 3.37092189e+00 -3.22125317e+01 2.78867926e+01
 3.43453386e+00 -3.22124353e+01 2.78865836e+01
 3.48998678e+00 -3.22168459e+01 2.80595349e+01
 3.56175887e+00 -3.22122424e+01 2.78861656e+01
 3.62537191e+00 -3.22121459e+01 2.78859566e+01
 3.68898532e+00 -3.22120495e+01 2.78857476e+01
 3.75259907e+00 -3.22119530e+01 2.78855386e+01
 3.81621319e+00 -3.22118565e+01 2.78853296e+01
 3.87982767e+00 -3.22117601e+01 2.78851206e+01
 3.94344250e+00 -3.22116636e+01 2.78849116e+01
 4.00705769e+00 -3.22115672e+01 2.78847026e+01
 4.07067324e+00 -3.22114707e+01 2.78844936e+01
 4.13428915e+00 -3.22113743e+01 2.78842846e+01
 4.19790542e+00 -3.22112778e+01 2.78840756e+01
 4.26152204e+00 -3.22111813e+01 2.78838666e+01
 4.32513903e+00 -3.22110849e+01 2.78836576e+01
 4.38875637e+00 -3.22109884e+01 2.78834486e+01
 4.45237407e+00 -3.22108920e+01 2.78832396e+01
 4.51599212e+00 -3.22107955e+01 2.78830306e+01
 4.57961054e+00 -3.22106990e+01 2.78828216e+01
 4.64322931e+00 -3.22106026e+01 2.78826126e+01
 4.70684844e+00 -3.22105061e+01 2.78824036e+01
 4.77046793e+00 -3.22104097e+01 2.78821946e+01
 4.83408778e+00 -3.22103132e+01 2.78819856e+01
 4.89770799e+00 -3.22102167e+01 2.78817765e+01
 4.96132855e+00 -3.22101203e+01 2.78815675e+01
 5.02494948e+00 -3.22100238e+01 2.78813585e+01
 5.08857076e+00 -3.22099273e+01 2.78811495e+01
 5.15219240e+00 -3.22098309e+01 2.78809405e+01
 5.21581439e+00 -3.22097344e+01 2.78807315e+01
 5.27943675e+00 -3.22096380e+01 2.78805225e+01
 5.34305946e+00 -3.22095415e+01 2.78803134e+01
 5.40668253e+00 -3.22094450e+01 2.78801044e+01
 5.47030596e+00 -3.22093486e+01 2.78798954e+01
 5.53392975e+00 -3.22092521e+01 2.78796864e+01
 5.59755390e+00 -3.22091556e+01 2.78794774e+01
 5.66117840e+00 -3.22090592e+01 2.78792684e+01
 5.72480327e+00 -3.22089627e+01 2.78790593e+01
 5.78842849e+00 -3.22088662e+01 2.78788503e+01
 5.86575468e+00 -3.22042413e+01 2.77048193e+01
 5.91568001e+00 -3.22086733e+01 2.78784323e+01
 5.99330488e+00 -3.22040481e+01 2.77043998e+01
 6.05708051e+00 -3.22039515e+01 2.77041900e+01
 6.10655997e+00 -3.22083839e+01 2.78778052e+01
 6.17018734e+00 -3.22082874e+01 2.78775962e+01
 6.23381507e+00 -3.22081909e+01 2.78773871e+01
 6.29744316e+00 -3.22080945e+01 2.78771781e+01
 6.36107160e+00 -3.22079980e+01 2.78769691e+01
 6.42470040e+00 -3.22079015e+01 2.78767600e+01
 6.48832957e+00 -3.22078050e+01 2.78765510e+01
 6.55195909e+00 -3.22077086e+01 2.78763420e+01
 6.61558896e+00 -3.22076121e+01 2.78761329e+01
 6.67921920e+00 -3.22075156e+01 2.78759239e+01
 6.74284980e+00 -3.22074192e+01 2.78757149e+01
 6.79060345e+00 -3.22118365e+01 2.80487047e+01
 6.85408631e+00 -3.22117402e+01 2.80484964e+01
 6.91756952e+00 -3.22116438e+01 2.80482882e+01
 6.98105309e+00 -3.22115475e+01 2.80480799e+01
 7.04453702e+00 -3.22114511e+01 2.80478716e+01
 7.10802131e+00 -3.22113548e+01 2.80476633e+01
 7.17150595e+00 -3.22112584e+01 2.80474550e+01
 7.23499095e+00 -3.22111621e+01 2.80472467e+01
 7.29847630e+00 -3.22110658e+01 2.80470384e+01
 7.37917545e+00 -3.22064544e+01 2.78736245e+01
 7.46023546e+00 -3.22018262e+01 2.76995748e+01
 7.52401937e+00 -3.22017296e+01 2.76993650e+01
 7.57008013e+00 -3.22061650e+01 2.78729973e+01
 7.65158826e+00 -3.22015364e+01 2.76989454e+01
 7.69735171e+00 -3.22059720e+01 2.78725792e+01
 7.77915858e+00 -3.22013432e+01 2.76985258e+01
 7.82462472e+00 -3.22057790e+01 2.78721611e+01
 7.88826177e+00 -3.22056826e+01 2.78719521e+01
 7.95189917e+00 -3.22055861e+01 2.78717430e+01
 8.01553693e+00 -3.22054896e+01 2.78715340e+01
 8.07917505e+00 -3.22053931e+01 2.78713249e+01
 8.14281352e+00 -3.22052966e+01 2.78711159e+01
 8.20645236e+00 -3.22052001e+01 2.78709068e+01
 8.27009155e+00 -3.22051037e+01 2.78706977e+01
 8.33373111e+00 -3.22050072e+01 2.78704887e+01
 8.41703179e+00 -3.22003771e+01 2.76964278e+01
 8.48082109e+00 -3.22002804e+01 2.76962180e+01
 8.54461075e+00 -3.22001838e+01 2.76960082e+01
 8.60840077e+00 -3.22000872e+01 2.76957984e+01
 8.67219115e+00 -3.21999906e+01 2.76955886e+01
 8.75646269e+00 -3.21953431e+01 2.75208855e+01
 8.79977298e+00 -3.21997974e+01 2.76951690e+01
 8.90520076e+00 -3.21905816e+01 2.73453282e+01
 8.99037614e+00 -3.21858999e+01 2.71693350e+01
 9.03338420e+00 -3.21903879e+01 2.73449055e+01
 9.07616970e+00 -3.21948593e+01 2.75198327e+01
 9.18310500e+00 -3.21856088e+01 2.71686988e+01
 9.22566208e+00 -3.21900972e+01 2.73442716e+01
 9.26799824e+00 -3.21945691e+01 2.75192010e+01
 9.33194181e+00 -3.21944723e+01 2.75189904e+01
 9.39588573e+00 -3.21943755e+01 2.75187798e+01
 9.48203765e+00 -3.21897097e+01 2.73434263e+01
 9.54613244e+00 -3.21896128e+01 2.73432150e+01
 9.61022760e+00 -3.21895159e+01 2.73430037e+01
 9.69706463e+00 -3.21848327e+01 2.71670021e+01
 9.76131122e+00 -3.21847357e+01 2.71667901e+01
 9.80251526e+00 -3.21892253e+01 2.73423697e+01
 9.88980549e+00 -3.21845417e+01 2.71663659e+01
 9.95405317e+00 -3.21844446e+01 2.71661538e+01
 1.00183012e+01 -3.21843476e+01 2.71659417e+01
 1.01062826e+01 -3.21796465e+01 2.69892864e+01
 1.01946552e+01 -3.21749282e+01 2.68119773e+01
 1.02592074e+01 -3.21748309e+01 2.68117637e+01
 1.03481261e+01 -3.21700951e+01 2.66337966e+01
 1.03883130e+01 -3.21746363e+01 2.68113365e+01
 1.04528663e+01 -3.21745390e+01 2.68111229e+01
 1.05174200e+01 -3.21744418e+01 2.68109092e+01
 1.05570905e+01 -3.21789665e+01 2.69877964e+01
 1.06968778e+01 -3.21649515e+01 2.64543079e+01
 1.07363638e+01 -3.21695105e+01 2.66325103e+01
 1.08265985e+01 -3.21647564e+01 2.64538776e+01
 1.08657793e+01 -3.21693157e+01 2.66320815e+01
 1.09304876e+01 -3.21692182e+01 2.66318671e+01
 1.10472651e+01 -3.21597893e+01 2.62741483e+01
 1.11386146e+01 -3.21549996e+01 2.60941810e+01
 1.12570577e+01 -3.21454649e+01 2.57324444e+01
 1.13225381e+01 -3.21453668e+01 2.57322261e+01
 1.13880188e+01 -3.21452687e+01 2.57320078e+01
 1.14807537e+01 -3.21404253e+01 2.55500118e+01
 1.15463910e+01 -3.21403270e+01 2.55497927e+01
 1.16120288e+01 -3.21402288e+01 2.55495736e+01
 1.16776669e+01 -3.21401305e+01 2.55493545e+01
 1.17433053e+01 -3.21400323e+01 2.55491354e+01
 1.18089442e+01 -3.21399340e+01 2.55489163e+01
 1.18745834e+01 -3.21398358e+01 2.55486972e+01
 1.19686741e+01 -3.21349735e+01 2.53660129e+01
