 -1.00907180e+01 -3.48444470e+01 2.71050017e+01
 -1.00264459e+01 -3.48444470e+01 2.71050017e+01
 -9.98572797e+00 -3.48431227e+01 2.69276284e+01
 -9.92130392e+00 -3.48431227e+01 2.69276284e+01
 -9.83362964e+00 -3.48444470e+01 2.71050017e+01
 -9.79245582e+00 -3.48431227e+01 2.69276284e+01
 -9.72803177e+00 -3.48431227e+01 2.69276284e+01
 -9.66360772e+00 -3.48431227e+01 2.69276284e+01
 -9.57654128e+00 -3.48444470e+01 2.71050017e+01
 -9.51226919e+00 -3.48444470e+01 2.71050017e+01
 -9.40356867e+00 -3.48470809e+01 2.74577753e+01
 -9.33959881e+00 -3.48470809e+01 2.74577753e+01
 -9.29750024e+00 -3.48457664e+01 2.72817161e+01
 -9.21165910e+00 -3.48470809e+01 2.74577753e+01
 -9.14768925e+00 -3.48470809e+01 2.74577753e+01
 -9.08371939e+00 -3.48470809e+01 2.74577753e+01
 -8.99856030e+00 -3.48483905e+01 2.76331830e+01
 -8.93474073e+00 -3.48483905e+01 2.76331830e+01
 -8.89180983e+00 -3.48470809e+01 2.74577753e+01
 -8.82783997e+00 -3.48470809e+01 2.74577753e+01
 -8.72276993e+00 -3.48496952e+01 2.78079426e+01
 -8.65910008e+00 -3.48496952e+01 2.78079426e+01
 -8.59543022e+00 -3.48496952e+01 2.78079426e+01
 -8.53176037e+00 -3.48496952e+01 2.78079426e+01
 -8.48800369e+00 -3.48483905e+01 2.76331830e+01
 -8.40442066e+00 -3.48496952e+01 2.78079426e+01
 -8.32120940e+00 -3.48509952e+01 2.79820579e+01
 -8.25768872e+00 -3.48509952e+01 2.79820579e+01
 -8.19416804e+00 -3.48509952e+01 2.79820579e+01
 -8.14974125e+00 -3.48496952e+01 2.78079426e+01
 -8.04825167e+00 -3.48522904e+01 2.81555324e+01
 -7.96622203e+00 -3.48535808e+01 2.83283696e+01
 -7.90299804e+00 -3.48535808e+01 2.83283696e+01
 -7.82147996e+00 -3.48548665e+01 2.85005730e+01
 -7.77655008e+00 -3.48535808e+01 2.83283696e+01
 -7.71332609e+00 -3.48535808e+01 2.83283696e+01
 -7.63225061e+00 -3.48548665e+01 2.85005730e+01
 -7.56917415e+00 -3.48548665e+01 2.85005730e+01
 -7.50609770e+00 -3.48548665e+01 2.85005730e+01
 -7.44302125e+00 -3.48548665e+01 2.85005730e+01
 -7.34561126e+00 -3.48574237e+01 2.88430924e+01
 -7.28282825e+00 -3.48574237e+01 2.88430924e+01
 -7.22004525e+00 -3.48574237e+01 2.88430924e+01
 -7.17395824e+00 -3.48561474e+01 2.86721462e+01
 -7.11102878e+00 -3.48561474e+01 2.86721462e+01
 -7.03169625e+00 -3.48574237e+01 2.88430924e+01
 -6.96891324e+00 -3.48574237e+01 2.88430924e+01
 -6.87408585e+00 -3.48599624e+01 2.91831181e+01
 -6.82744175e+00 -3.48586954e+01 2.90134153e+01
 -6.76480467e+00 -3.48586954e+01 2.90134153e+01
 -6.70216759e+00 -3.48586954e+01 2.90134153e+01
 -6.63953051e+00 -3.48586954e+01 2.90134153e+01
 -6.57689343e+00 -3.48586954e+01 2.90134153e+01
 -6.51425635e+00 -3.48586954e+01 2.90134153e+01
 -6.45161927e+00 -3.48586954e+01 2.90134153e+01
 -6.38898219e+00 -3.48586954e+01 2.90134153e+01
 -6.32634511e+00 -3.48586954e+01 2.90134153e+01
 -6.26370803e+00 -3.48586954e+01 2.90134153e+01
 -6.20107095e+00 -3.48586954e+01 2.90134153e+01
 -6.15273421e+00 -3.48574237e+01 2.88430924e+01
 -6.08995121e+00 -3.48574237e+01 2.88430924e+01
 -6.02716821e+00 -3.48574237e+01 2.88430924e+01
 -5.96438521e+00 -3.48574237e+01 2.88430924e+01
 -5.90160221e+00 -3.48574237e+01 2.88430924e+01
 -5.82524847e+00 -3.48586954e+01 2.90134153e+01
 -5.76261139e+00 -3.48586954e+01 2.90134153e+01
 -5.71325320e+00 -3.48574237e+01 2.88430924e+01
 -5.65047020e+00 -3.48574237e+01 2.88430924e+01
 -5.58768720e+00 -3.48574237e+01 2.88430924e+01
 -5.52490419e+00 -3.48574237e+01 2.88430924e+01
 -5.46212119e+00 -3.48574237e+01 2.88430924e+01
 -5.41193341e+00 -3.48561474e+01 2.86721462e+01
 -5.34900395e+00 -3.48561474e+01 2.86721462e+01
 -5.28607449e+00 -3.48561474e+01 2.86721462e+01
 -5.21098918e+00 -3.48574237e+01 2.88430924e+01
 -5.13624058e+00 -3.48586954e+01 2.90134153e+01
 -5.08542318e+00 -3.48574237e+01 2.88430924e+01
 -5.01096642e+00 -3.48586954e+01 2.90134153e+01
 -4.94832934e+00 -3.48586954e+01 2.90134153e+01
 -4.89707417e+00 -3.48574237e+01 2.88430924e+01
 -4.83429117e+00 -3.48574237e+01 2.88430924e+01
 -4.77150817e+00 -3.48574237e+01 2.88430924e+01
 -4.70872516e+00 -3.48574237e+01 2.88430924e+01
 -4.64594216e+00 -3.48574237e+01 2.88430924e+01
 -4.58315916e+00 -3.48574237e+01 2.88430924e+01
 -4.52037616e+00 -3.48574237e+01 2.88430924e+01
 -4.45759316e+00 -3.48574237e+01 2.88430924e+01
 -4.39481015e+00 -3.48574237e+01 2.88430924e+01
 -4.33202715e+00 -3.48574237e+01 2.88430924e+01
 -4.26924415e+00 -3.48574237e+01 2.88430924e+01
 -4.19668438e+00 -3.48586954e+01 2.90134153e+01
 -4.13404730e+00 -3.48586954e+01 2.90134153e+01
 -4.07141022e+00 -3.48586954e+01 2.90134153e+01
 -4.00877314e+00 -3.48586954e+01 2.90134153e+01
 -3.94613606e+00 -3.48586954e+01 2.90134153e+01
 -3.87448475e+00 -3.48599624e+01 2.91831181e+01
 -3.82086190e+00 -3.48586954e+01 2.90134153e+01
 -3.75822482e+00 -3.48586954e+01 2.90134153e+01
 -3.69558774e+00 -3.48586954e+01 2.90134153e+01
 -3.63295066e+00 -3.48586954e+01 2.90134153e+01
 -3.57031358e+00 -3.48586954e+01 2.90134153e+01
 -3.50767650e+00 -3.48586954e+01 2.90134153e+01
 -3.44503942e+00 -3.48586954e+01 2.90134153e+01
 -3.38240233e+00 -3.48586954e+01 2.90134153e+01
 -3.31976525e+00 -3.48586954e+01 2.90134153e+01
 -3.24956786e+00 -3.48599624e+01 2.91831181e+01
 -3.19449109e+00 -3.48586954e+01 2.90134153e+01
 -3.13185401e+00 -3.48586954e+01 2.90134153e+01
 -3.07636711e+00 -3.48574237e+01 2.88430924e+01
 -3.01358411e+00 -3.48574237e+01 2.88430924e+01
 -2.94394277e+00 -3.48586954e+01 2.90134153e+01
 -2.88130569e+00 -3.48586954e+01 2.90134153e+01
 -2.81866861e+00 -3.48586954e+01 2.90134153e+01
 -2.76889616e+00 -3.48561474e+01 2.86721462e+01
 -2.69339445e+00 -3.48586954e+01 2.90134153e+01
 -2.63075737e+00 -3.48586954e+01 2.90134153e+01
 -2.56812029e+00 -3.48586954e+01 2.90134153e+01
 -2.50548321e+00 -3.48586954e+01 2.90134153e+01
 -2.45424887e+00 -3.48561474e+01 2.86721462e+01
 -2.39131941e+00 -3.48561474e+01 2.86721462e+01
 -2.32838995e+00 -3.48561474e+01 2.86721462e+01
 -2.26546050e+00 -3.48561474e+01 2.86721462e+01
 -2.20253104e+00 -3.48561474e+01 2.86721462e+01
 -2.13960158e+00 -3.48561474e+01 2.86721462e+01
 -2.07667212e+00 -3.48561474e+01 2.86721462e+01
 -2.01374266e+00 -3.48561474e+01 2.86721462e+01
 -1.95081320e+00 -3.48561474e+01 2.86721462e+01
 -1.88788375e+00 -3.48561474e+01 2.86721462e+01
 -1.82495429e+00 -3.48561474e+01 2.86721462e+01
 -1.76202483e+00 -3.48561474e+01 2.86721462e+01
 -1.69909537e+00 -3.48561474e+01 2.86721462e+01
 -1.63616591e+00 -3.48561474e+01 2.86721462e+01
 -1.57323646e+00 -3.48561474e+01 2.86721462e+01
 -1.50328993e+00 -3.48586954e+01 2.90134153e+01
 -1.44065285e+00 -3.48586954e+01 2.90134153e+01
 -1.37801577e+00 -3.48586954e+01 2.90134153e+01
 -1.31232548e+00 -3.48599624e+01 2.91831181e+01
 -1.24983379e+00 -3.48599624e+01 2.91831181e+01
 -1.19010453e+00 -3.48586954e+01 2.90134153e+01
 -1.12746744e+00 -3.48586954e+01 2.90134153e+01
 -1.06731104e+00 -3.48574237e+01 2.88430924e+01
 -1.00219328e+00 -3.48586954e+01 2.90134153e+01
 -9.39556204e-01 -3.48586954e+01 2.90134153e+01
 -8.76919124e-01 -3.48586954e+01 2.90134153e+01
 -8.14282044e-01 -3.48586954e+01 2.90134153e+01
 -7.51644963e-01 -3.48586954e+01 2.90134153e+01
 -6.89007883e-01 -3.48586954e+01 2.90134153e+01
 -6.26370803e-01 -3.48586954e+01 2.90134153e+01
 -5.63733722e-01 -3.48586954e+01 2.90134153e+01
 -5.01096642e-01 -3.48586954e+01 2.90134153e+01
 -4.38459562e-01 -3.48586954e+01 2.90134153e+01
 -3.75822482e-01 -3.48586954e+01 2.90134153e+01
 -3.13185401e-01 -3.48586954e+01 2.90134153e+01
 -2.50548321e-01 -3.48586954e+01 2.90134153e+01
 -1.87911241e-01 -3.48586954e+01 2.90134153e+01
 -1.25274161e-01 -3.48586954e+01 2.90134153e+01
 -6.26370803e-02 -3.48586954e+01 2.90134153e+01
 0.00000000e+00 -3.48586954e+01 2.90134153e+01
 6.26370803e-02 -3.48586954e+01 2.90134153e+01
 1.25274161e-01 -3.48586954e+01 2.90134153e+01
 1.87475069e-01 -3.48599624e+01 2.91831181e+01
 2.50548321e-01 -3.48586954e+01 2.90134153e+01
 3.13185401e-01 -3.48586954e+01 2.90134153e+01
 3.75822482e-01 -3.48586954e+01 2.90134153e+01
 4.37441827e-01 -3.48599624e+01 2.91831181e+01
 4.99933516e-01 -3.48599624e+01 2.91831181e+01
 5.65047020e-01 -3.48574237e+01 2.88430924e+01
 6.27830022e-01 -3.48574237e+01 2.88430924e+01
 6.90613024e-01 -3.48574237e+01 2.88430924e+01
 7.53396026e-01 -3.48574237e+01 2.88430924e+01
 8.16179029e-01 -3.48574237e+01 2.88430924e+01
 8.81012415e-01 -3.48561474e+01 2.86721462e+01
 9.46146769e-01 -3.48548665e+01 2.85005730e+01
 1.00687133e+00 -3.48561474e+01 2.86721462e+01
 1.07229967e+00 -3.48548665e+01 2.85005730e+01
 1.13537612e+00 -3.48548665e+01 2.85005730e+01
 1.19845257e+00 -3.48548665e+01 2.85005730e+01
 1.26447969e+00 -3.48535808e+01 2.83283696e+01
 1.32460548e+00 -3.48548665e+01 2.85005730e+01
 1.39092766e+00 -3.48535808e+01 2.83283696e+01
 1.45415164e+00 -3.48535808e+01 2.83283696e+01
 1.51383483e+00 -3.48548665e+01 2.85005730e+01
 1.57691128e+00 -3.48548665e+01 2.85005730e+01
 1.63998773e+00 -3.48548665e+01 2.85005730e+01
 1.70306418e+00 -3.48548665e+01 2.85005730e+01
 1.76614064e+00 -3.48548665e+01 2.85005730e+01
 1.83349555e+00 -3.48535808e+01 2.83283696e+01
 1.89229354e+00 -3.48548665e+01 2.85005730e+01
 1.95994352e+00 -3.48535808e+01 2.83283696e+01
 2.02316750e+00 -3.48535808e+01 2.83283696e+01
 2.08639148e+00 -3.48535808e+01 2.83283696e+01
 2.14961547e+00 -3.48535808e+01 2.83283696e+01
 2.21283945e+00 -3.48535808e+01 2.83283696e+01
 2.27606344e+00 -3.48535808e+01 2.83283696e+01
 2.33928742e+00 -3.48535808e+01 2.83283696e+01
 2.40251141e+00 -3.48535808e+01 2.83283696e+01
 2.46573539e+00 -3.48535808e+01 2.83283696e+01
 2.52895937e+00 -3.48535808e+01 2.83283696e+01
 2.59218336e+00 -3.48535808e+01 2.83283696e+01
 2.65540734e+00 -3.48535808e+01 2.83283696e+01
 2.71863133e+00 -3.48535808e+01 2.83283696e+01
 2.78837066e+00 -3.48522904e+01 2.81555324e+01
 2.84507930e+00 -3.48535808e+01 2.83283696e+01
 2.90830328e+00 -3.48535808e+01 2.83283696e+01
 2.97848684e+00 -3.48522904e+01 2.81555324e+01
 3.03475125e+00 -3.48535808e+01 2.83283696e+01
 3.09797523e+00 -3.48535808e+01 2.83283696e+01
 3.16860302e+00 -3.48522904e+01 2.81555324e+01
 3.22442320e+00 -3.48535808e+01 2.83283696e+01
 3.28764719e+00 -3.48535808e+01 2.83283696e+01
 3.35087117e+00 -3.48535808e+01 2.83283696e+01
 3.41409516e+00 -3.48535808e+01 2.83283696e+01
 3.47731914e+00 -3.48535808e+01 2.83283696e+01
 3.54054312e+00 -3.48535808e+01 2.83283696e+01
 3.60376711e+00 -3.48535808e+01 2.83283696e+01
 3.66699109e+00 -3.48535808e+01 2.83283696e+01
 3.73021508e+00 -3.48535808e+01 2.83283696e+01
 3.78458708e+00 -3.48548665e+01 2.85005730e+01
 3.85666305e+00 -3.48535808e+01 2.83283696e+01
 3.91988703e+00 -3.48535808e+01 2.83283696e+01
 3.98311101e+00 -3.48535808e+01 2.83283696e+01
 4.04633500e+00 -3.48535808e+01 2.83283696e+01
 4.10955898e+00 -3.48535808e+01 2.83283696e+01
 4.16304578e+00 -3.48548665e+01 2.85005730e+01
 4.23600695e+00 -3.48535808e+01 2.83283696e+01
 4.28919869e+00 -3.48548665e+01 2.85005730e+01
 4.35227514e+00 -3.48548665e+01 2.85005730e+01
 4.41535159e+00 -3.48548665e+01 2.85005730e+01
 4.47842804e+00 -3.48548665e+01 2.85005730e+01
 4.54150449e+00 -3.48548665e+01 2.85005730e+01
 4.60458094e+00 -3.48548665e+01 2.85005730e+01
 4.66765740e+00 -3.48548665e+01 2.85005730e+01
 4.73073385e+00 -3.48548665e+01 2.85005730e+01
 4.79381030e+00 -3.48548665e+01 2.85005730e+01
 4.85688675e+00 -3.48548665e+01 2.85005730e+01
 4.91996320e+00 -3.48548665e+01 2.85005730e+01
 4.98303965e+00 -3.48548665e+01 2.85005730e+01
 5.04611610e+00 -3.48548665e+01 2.85005730e+01
 5.10919255e+00 -3.48548665e+01 2.85005730e+01
 5.17226901e+00 -3.48548665e+01 2.85005730e+01
 5.23534546e+00 -3.48548665e+01 2.85005730e+01
 5.29842191e+00 -3.48548665e+01 2.85005730e+01
 5.36149836e+00 -3.48548665e+01 2.85005730e+01
 5.42457481e+00 -3.48548665e+01 2.85005730e+01
 5.48765126e+00 -3.48548665e+01 2.85005730e+01
 5.53779232e+00 -3.48561474e+01 2.86721462e+01
 5.60072178e+00 -3.48561474e+01 2.86721462e+01
 5.67688062e+00 -3.48548665e+01 2.85005730e+01
 5.72658070e+00 -3.48561474e+01 2.86721462e+01
 5.78951016e+00 -3.48561474e+01 2.86721462e+01
 5.85243961e+00 -3.48561474e+01 2.86721462e+01
 5.91536907e+00 -3.48561474e+01 2.86721462e+01
 5.97829853e+00 -3.48561474e+01 2.86721462e+01
 6.04122799e+00 -3.48561474e+01 2.86721462e+01
 6.10415745e+00 -3.48561474e+01 2.86721462e+01
 6.16708691e+00 -3.48561474e+01 2.86721462e+01
 6.23001636e+00 -3.48561474e+01 2.86721462e+01
 6.29294582e+00 -3.48561474e+01 2.86721462e+01
 6.37072158e+00 -3.48548665e+01 2.85005730e+01
 6.41880474e+00 -3.48561474e+01 2.86721462e+01
 6.48173420e+00 -3.48561474e+01 2.86721462e+01
 6.54466365e+00 -3.48561474e+01 2.86721462e+01
 6.62302739e+00 -3.48548665e+01 2.85005730e+01
 6.68610384e+00 -3.48548665e+01 2.85005730e+01
 6.74918029e+00 -3.48548665e+01 2.85005730e+01
 6.81225674e+00 -3.48548665e+01 2.85005730e+01
 6.87533319e+00 -3.48548665e+01 2.85005730e+01
 6.93840964e+00 -3.48548665e+01 2.85005730e+01
 7.00148609e+00 -3.48548665e+01 2.85005730e+01
 7.06456254e+00 -3.48548665e+01 2.85005730e+01
 7.12763900e+00 -3.48548665e+01 2.85005730e+01
 7.19071545e+00 -3.48548665e+01 2.85005730e+01
 7.25379190e+00 -3.48548665e+01 2.85005730e+01
 7.33398219e+00 -3.48535808e+01 2.83283696e+01
 7.39720617e+00 -3.48535808e+01 2.83283696e+01
 7.46043015e+00 -3.48535808e+01 2.83283696e+01
 7.52365414e+00 -3.48535808e+01 2.83283696e+01
 7.56917415e+00 -3.48548665e+01 2.85005730e+01
 7.63225061e+00 -3.48548665e+01 2.85005730e+01
 7.69532706e+00 -3.48548665e+01 2.85005730e+01
 7.77655008e+00 -3.48535808e+01 2.83283696e+01
 7.82147996e+00 -3.48548665e+01 2.85005730e+01
 7.88455641e+00 -3.48548665e+01 2.85005730e+01
 7.96622203e+00 -3.48535808e+01 2.83283696e+01
 8.02944601e+00 -3.48535808e+01 2.83283696e+01
 8.07378576e+00 -3.48548665e+01 2.85005730e+01
 8.15589398e+00 -3.48535808e+01 2.83283696e+01
 8.21911797e+00 -3.48535808e+01 2.83283696e+01
 8.28234195e+00 -3.48535808e+01 2.83283696e+01
 8.32609157e+00 -3.48548665e+01 2.85005730e+01
 8.40878992e+00 -3.48535808e+01 2.83283696e+01
 8.47201390e+00 -3.48535808e+01 2.83283696e+01
 8.53523789e+00 -3.48535808e+01 2.83283696e+01
 8.61860022e+00 -3.48522904e+01 2.81555324e+01
 8.68197228e+00 -3.48522904e+01 2.81555324e+01
 8.74534434e+00 -3.48522904e+01 2.81555324e+01
 8.82937486e+00 -3.48509952e+01 2.79820579e+01
 8.89289554e+00 -3.48509952e+01 2.79820579e+01
 8.95641623e+00 -3.48509952e+01 2.79820579e+01
 9.04111920e+00 -3.48496952e+01 2.78079426e+01
 9.10478905e+00 -3.48496952e+01 2.78079426e+01
 9.16845891e+00 -3.48496952e+01 2.78079426e+01
 9.23212876e+00 -3.48496952e+01 2.78079426e+01
 9.27401964e+00 -3.48509952e+01 2.79820579e+01
 9.33754032e+00 -3.48509952e+01 2.79820579e+01
 9.40106100e+00 -3.48509952e+01 2.79820579e+01
 9.46458169e+00 -3.48509952e+01 2.79820579e+01
 9.52810237e+00 -3.48509952e+01 2.79820579e+01
 9.59162305e+00 -3.48509952e+01 2.79820579e+01
 9.65514373e+00 -3.48509952e+01 2.79820579e+01
 9.71866442e+00 -3.48509952e+01 2.79820579e+01
 9.78218510e+00 -3.48509952e+01 2.79820579e+01
 9.84570578e+00 -3.48509952e+01 2.79820579e+01
 9.93249715e+00 -3.48496952e+01 2.78079426e+01
 9.99616700e+00 -3.48496952e+01 2.78079426e+01
 1.00598369e+01 -3.48496952e+01 2.78079426e+01
 1.01473127e+01 -3.48483905e+01 2.76331830e+01
 1.01871766e+01 -3.48496952e+01 2.78079426e+01
 1.02508464e+01 -3.48496952e+01 2.78079426e+01
 1.03387714e+01 -3.48483905e+01 2.76331830e+01
 1.04025910e+01 -3.48483905e+01 2.76331830e+01
 1.04418560e+01 -3.48496952e+01 2.78079426e+01
 1.05302301e+01 -3.48483905e+01 2.76331830e+01
 1.05940497e+01 -3.48483905e+01 2.76331830e+01
 1.06829658e+01 -3.48470809e+01 2.74577753e+01
 1.07469356e+01 -3.48470809e+01 2.74577753e+01
 1.08109055e+01 -3.48470809e+01 2.74577753e+01
 1.08493280e+01 -3.48483905e+01 2.76331830e+01
 1.09388452e+01 -3.48470809e+01 2.74577753e+01
 1.10287589e+01 -3.48457664e+01 2.72817161e+01
 1.10928796e+01 -3.48457664e+01 2.72817161e+01
 1.11570003e+01 -3.48457664e+01 2.72817161e+01
 1.12476156e+01 -3.48444470e+01 2.71050017e+01
 1.13386331e+01 -3.48431227e+01 2.69276284e+01
 1.13761598e+01 -3.48444470e+01 2.71050017e+01
 1.14134831e+01 -3.48457664e+01 2.72817161e+01
 1.15592081e+01 -3.48417935e+01 2.67495926e+01
 1.16237846e+01 -3.48417935e+01 2.67495926e+01
 1.16607533e+01 -3.48431227e+01 2.69276284e+01
 1.17251774e+01 -3.48431227e+01 2.69276284e+01
 1.18175144e+01 -3.48417935e+01 2.67495926e+01
 1.18820910e+01 -3.48417935e+01 2.67495926e+01
 1.19466676e+01 -3.48417935e+01 2.67495926e+01
 1.20112441e+01 -3.48417935e+01 2.67495926e+01
 1.21044506e+01 -3.48404593e+01 2.65708904e+01
 1.21691802e+01 -3.48404593e+01 2.65708904e+01
 1.22339099e+01 -3.48404593e+01 2.65708904e+01
 1.23278378e+01 -3.48391201e+01 2.63915183e+01
 1.24517563e+01 -3.48364265e+01 2.60307488e+01
 1.25169488e+01 -3.48364265e+01 2.60307488e+01
 1.26121366e+01 -3.48350722e+01 2.58493437e+01
 1.27077491e+01 -3.48337127e+01 2.56672534e+01
 1.27732530e+01 -3.48337127e+01 2.56672534e+01
 1.28387569e+01 -3.48337127e+01 2.56672534e+01
 1.29351097e+01 -3.48323480e+01 2.54844739e+01
 1.29697646e+01 -3.48337127e+01 2.56672534e+01
 1.30664307e+01 -3.48323480e+01 2.54844739e+01
 1.31320911e+01 -3.48323480e+01 2.54844739e+01
 1.32293463e+01 -3.48309782e+01 2.53010013e+01
 1.32634120e+01 -3.48323480e+01 2.54844739e+01
 1.32972839e+01 -3.48337127e+01 2.56672534e+01
 1.33309630e+01 -3.48350722e+01 2.58493437e+01
 1.33963109e+01 -3.48350722e+01 2.58493437e+01
