 -1.12348074e+01 -3.72517754e+01 2.58834386e+01
 -1.11428702e+01 -3.72499245e+01 2.60651324e+01
 -1.11042897e+01 -3.72514608e+01 2.58826177e+01
 -1.09863957e+01 -3.72479235e+01 2.62457310e+01
 -1.09214460e+01 -3.72477665e+01 2.62453235e+01
 -1.08564957e+01 -3.72476096e+01 2.62449161e+01
 -1.07658410e+01 -3.72457728e+01 2.64252428e+01
 -1.07010439e+01 -3.72456160e+01 2.64248368e+01
 -1.06362462e+01 -3.72454593e+01 2.64244308e+01
 -1.05714477e+01 -3.72453025e+01 2.64240248e+01
 -1.04816582e+01 -3.72434730e+01 2.66036759e+01
 -1.03922697e+01 -3.72416502e+01 2.67826509e+01
 -1.03277767e+01 -3.72414938e+01 2.67822479e+01
 -1.02632830e+01 -3.72413374e+01 2.67818448e+01
 -1.01745978e+01 -3.72395216e+01 2.69601504e+01
 -1.01102556e+01 -3.72393653e+01 2.69597487e+01
 -1.00221176e+01 -3.72375563e+01 2.71373872e+01
 -9.93437213e+00 -3.72357539e+01 2.73143608e+01
 -9.87033201e+00 -3.72355980e+01 2.73139621e+01
 -9.80629122e+00 -3.72354422e+01 2.73135633e+01
 -9.74224974e+00 -3.72352863e+01 2.73131646e+01
 -9.65534635e+00 -3.72334910e+01 2.74894814e+01
 -9.59145472e+00 -3.72333353e+01 2.74890841e+01
 -9.52756241e+00 -3.72331796e+01 2.74886868e+01
 -9.46366942e+00 -3.72330240e+01 2.74882894e+01
 -9.37760256e+00 -3.72312356e+01 2.76639531e+01
 -9.31385886e+00 -3.72310801e+01 2.76635572e+01
 -9.20661502e+00 -3.72276783e+01 2.80133228e+01
 -9.16472925e+00 -3.72291431e+01 2.78381740e+01
 -9.10113363e+00 -3.72289878e+01 2.78377796e+01
 -8.99509525e+00 -3.72255993e+01 2.81862527e+01
 -8.95282937e+00 -3.72270578e+01 2.80117505e+01
 -8.86849773e+00 -3.72252894e+01 2.81854693e+01
 -8.80519796e+00 -3.72251345e+01 2.81850776e+01
 -8.72138833e+00 -3.72233727e+01 2.83581549e+01
 -8.65823568e+00 -3.72232179e+01 2.83577646e+01
 -8.61529464e+00 -3.72246696e+01 2.81839025e+01
 -8.55199219e+00 -3.72245147e+01 2.81835108e+01
 -8.46877370e+00 -3.72227536e+01 2.83565937e+01
 -8.40561837e+00 -3.72225988e+01 2.83562034e+01
 -8.34246237e+00 -3.72224440e+01 2.83558131e+01
 -8.27930571e+00 -3.72222892e+01 2.83554228e+01
 -8.21614837e+00 -3.72221345e+01 2.83550325e+01
 -8.13388832e+00 -3.72203804e+01 2.85274815e+01
 -8.07087758e+00 -3.72202258e+01 2.85270925e+01
 -8.00786616e+00 -3.72200712e+01 2.85267036e+01
 -7.94485408e+00 -3.72199166e+01 2.85263146e+01
 -7.88184134e+00 -3.72197620e+01 2.85259257e+01
 -7.80053339e+00 -3.72180149e+01 2.86977443e+01
 -7.73766670e+00 -3.72178605e+01 2.86973567e+01
 -7.67479935e+00 -3.72177060e+01 2.86969692e+01
 -7.61193134e+00 -3.72175516e+01 2.86965816e+01
 -7.54906266e+00 -3.72173972e+01 2.86961940e+01
 -7.48619332e+00 -3.72172427e+01 2.86958064e+01
 -7.42332332e+00 -3.72170883e+01 2.86954188e+01
 -7.32611782e+00 -3.72137690e+01 2.90375635e+01
 -7.26353967e+00 -3.72136149e+01 2.90371786e+01
 -7.20096087e+00 -3.72134608e+01 2.90367938e+01
 -7.13838140e+00 -3.72133067e+01 2.90364089e+01
 -7.09235173e+00 -3.72147315e+01 2.88650684e+01
 -7.02962461e+00 -3.72145772e+01 2.88646821e+01
 -6.95063906e+00 -3.72128445e+01 2.90352544e+01
 -6.90416840e+00 -3.72142687e+01 2.88639097e+01
 -6.82547420e+00 -3.72125363e+01 2.90344846e+01
 -6.76289078e+00 -3.72123822e+01 2.90340998e+01
 -6.71597912e+00 -3.72138059e+01 2.88627510e+01
 -6.63772197e+00 -3.72120741e+01 2.90333300e+01
 -6.57513657e+00 -3.72119200e+01 2.90329451e+01
 -6.49737314e+00 -3.72101945e+01 2.92029000e+01
 -6.44996380e+00 -3.72116118e+01 2.90321754e+01
 -6.37249068e+00 -3.72098867e+01 2.92021329e+01
 -6.31004847e+00 -3.72097327e+01 2.92017494e+01
 -6.24760560e+00 -3.72095788e+01 2.92013659e+01
 -6.18516208e+00 -3.72094249e+01 2.92009823e+01
 -6.12271789e+00 -3.72092710e+01 2.92005988e+01
 -6.06027305e+00 -3.72091171e+01 2.92002152e+01
 -5.99782756e+00 -3.72089631e+01 2.91998317e+01
 -5.93538140e+00 -3.72088092e+01 2.91994482e+01
 -5.88665371e+00 -3.72102249e+01 2.90287113e+01
 -5.81048713e+00 -3.72085014e+01 2.91986811e+01
 -5.74803900e+00 -3.72083474e+01 2.91982975e+01
 -5.68559022e+00 -3.72081935e+01 2.91979139e+01
 -5.62314078e+00 -3.72080396e+01 2.91975304e+01
 -5.56069069e+00 -3.72078857e+01 2.91971468e+01
 -5.49823993e+00 -3.72077317e+01 2.91967633e+01
 -5.42313692e+00 -3.72060152e+01 2.93661175e+01
 -5.37333646e+00 -3.72074239e+01 2.91959961e+01
 -5.32329021e+00 -3.72088380e+01 2.90252470e+01
 -5.26069097e+00 -3.72086839e+01 2.90248621e+01
 -5.19809106e+00 -3.72085297e+01 2.90244771e+01
 -5.13549050e+00 -3.72083756e+01 2.90240922e+01
 -5.07288929e+00 -3.72082215e+01 2.90237072e+01
 -5.01028741e+00 -3.72080674e+01 2.90233223e+01
 -4.94768487e+00 -3.72079133e+01 2.90229373e+01
 -4.88508167e+00 -3.72077592e+01 2.90225524e+01
 -4.82247781e+00 -3.72076050e+01 2.90221674e+01
 -4.75987330e+00 -3.72074509e+01 2.90217824e+01
 -4.69726812e+00 -3.72072968e+01 2.90213975e+01
 -4.63466229e+00 -3.72071427e+01 2.90210125e+01
 -4.57205579e+00 -3.72069885e+01 2.90206275e+01
 -4.50944864e+00 -3.72068344e+01 2.90202426e+01
 -4.44684082e+00 -3.72066803e+01 2.90198576e+01
 -4.38423235e+00 -3.72065262e+01 2.90194726e+01
 -4.31155079e+00 -3.72048068e+01 2.91894750e+01
 -4.23919679e+00 -3.72030936e+01 2.93588549e+01
 -4.17687761e+00 -3.72029398e+01 2.93584726e+01
 -4.12415714e+00 -3.72043450e+01 2.91883241e+01
 -4.06169127e+00 -3.72041910e+01 2.91879405e+01
 -3.99922475e+00 -3.72040371e+01 2.91875568e+01
 -3.93675757e+00 -3.72038831e+01 2.91871732e+01
 -3.87428973e+00 -3.72037292e+01 2.91867895e+01
 -3.81182124e+00 -3.72035752e+01 2.91864059e+01
 -3.74935209e+00 -3.72034212e+01 2.91860222e+01
 -3.68688228e+00 -3.72032673e+01 2.91856386e+01
 -3.62441181e+00 -3.72031133e+01 2.91852549e+01
 -3.56194069e+00 -3.72029593e+01 2.91848713e+01
 -3.49946891e+00 -3.72028054e+01 2.91844876e+01
 -3.43699647e+00 -3.72026514e+01 2.91841040e+01
 -3.37452338e+00 -3.72024974e+01 2.91837203e+01
 -3.32755373e+00 -3.72054739e+01 2.88418897e+01
 -3.26478691e+00 -3.72053196e+01 2.88415033e+01
 -3.20201943e+00 -3.72051652e+01 2.88411169e+01
 -3.13925129e+00 -3.72050109e+01 2.88407305e+01
 -3.07648248e+00 -3.72048566e+01 2.88403441e+01
 -3.01371302e+00 -3.72047022e+01 2.88399577e+01
 -2.95094289e+00 -3.72045479e+01 2.88395713e+01
 -2.88817210e+00 -3.72043936e+01 2.88391848e+01
 -2.82540065e+00 -3.72042392e+01 2.88387984e+01
 -2.76262853e+00 -3.72040849e+01 2.88384120e+01
 -2.69985576e+00 -3.72039306e+01 2.88380256e+01
 -2.63708232e+00 -3.72037762e+01 2.88376391e+01
 -2.57430822e+00 -3.72036219e+01 2.88372527e+01
 -2.51153345e+00 -3.72034675e+01 2.88368663e+01
 -2.44875803e+00 -3.72033132e+01 2.88364798e+01
 -2.38598194e+00 -3.72031589e+01 2.88360934e+01
 -2.32320520e+00 -3.72030045e+01 2.88357070e+01
 -2.26042778e+00 -3.72028502e+01 2.88353205e+01
 -2.19764971e+00 -3.72026958e+01 2.88349341e+01
 -2.13487098e+00 -3.72025415e+01 2.88345476e+01
 -2.07209158e+00 -3.72023871e+01 2.88341611e+01
 -2.00931152e+00 -3.72022328e+01 2.88337747e+01
 -1.94653080e+00 -3.72020784e+01 2.88333882e+01
 -1.88374942e+00 -3.72019241e+01 2.88330018e+01
 -1.81248236e+00 -3.71986478e+01 2.91741278e+01
 -1.74591848e+00 -3.71969417e+01 2.93435618e+01
 -1.68750133e+00 -3.71983398e+01 2.91733603e+01
 -1.62500983e+00 -3.71981858e+01 2.91729766e+01
 -1.56251767e+00 -3.71980318e+01 2.91725928e+01
 -1.50002486e+00 -3.71978778e+01 2.91722091e+01
 -1.43753138e+00 -3.71977238e+01 2.91718253e+01
 -1.37183634e+00 -3.71960187e+01 2.93412674e+01
 -1.31254246e+00 -3.71974158e+01 2.91710578e+01
 -1.25004702e+00 -3.71972618e+01 2.91706740e+01
 -1.18755091e+00 -3.71971078e+01 2.91702903e+01
 -1.12505415e+00 -3.71969538e+01 2.91699065e+01
 -1.06255673e+00 -3.71967998e+01 2.91695227e+01
 -1.00005866e+00 -3.71966457e+01 2.91691390e+01
 -9.37559922e-01 -3.71964917e+01 2.91687552e+01
 -8.75060530e-01 -3.71963377e+01 2.91683714e+01
 -8.12560481e-01 -3.71961837e+01 2.91679876e+01
 -7.50059774e-01 -3.71960297e+01 2.91676039e+01
 -6.87558410e-01 -3.71958757e+01 2.91672201e+01
 -6.25056388e-01 -3.71957216e+01 2.91668363e+01
 -5.62553708e-01 -3.71955676e+01 2.91664525e+01
 -5.00050371e-01 -3.71954136e+01 2.91660687e+01
 -4.38568723e-01 -3.71968137e+01 2.89952131e+01
 -3.75041724e-01 -3.71951055e+01 2.91653011e+01
 -3.12536414e-01 -3.71949515e+01 2.91649173e+01
 -2.50030447e-01 -3.71947975e+01 2.91645335e+01
 -1.87523822e-01 -3.71946435e+01 2.91641497e+01
 -1.25016539e-01 -3.71944894e+01 2.91637659e+01
 -6.25085982e-02 -3.71943354e+01 2.91633820e+01
 0.00000000e+00 -3.71941814e+01 2.91629982e+01
 6.25092558e-02 -3.71940273e+01 2.91626144e+01
 1.25019169e-01 -3.71938733e+01 2.91622306e+01
 1.87967924e-01 -3.71952716e+01 2.89913613e+01
 2.50625219e-01 -3.71951174e+01 2.89909762e+01
 3.13283174e-01 -3.71949632e+01 2.89905910e+01
 3.75941788e-01 -3.71948090e+01 2.89902058e+01
 4.38601063e-01 -3.71946548e+01 2.89898206e+01
 5.01260998e-01 -3.71945006e+01 2.89894354e+01
 5.63921593e-01 -3.71943463e+01 2.89890501e+01
 6.28048932e-01 -3.71957489e+01 2.88175408e+01
 6.90857468e-01 -3.71955945e+01 2.88171543e+01
 7.53666667e-01 -3.71954401e+01 2.88167677e+01
 8.16476528e-01 -3.71952857e+01 2.88163811e+01
 8.79287052e-01 -3.71951313e+01 2.88159945e+01
 9.42098238e-01 -3.71949769e+01 2.88156079e+01
 1.00491009e+00 -3.71948225e+01 2.88152213e+01
 1.07022430e+00 -3.71962294e+01 2.86430683e+01
 1.13318465e+00 -3.71960749e+01 2.86426803e+01
 1.19614567e+00 -3.71959203e+01 2.86422923e+01
 1.25910735e+00 -3.71957657e+01 2.86419043e+01
 1.32517158e+00 -3.71971775e+01 2.84691082e+01
 1.38828232e+00 -3.71970227e+01 2.84687188e+01
 1.45139374e+00 -3.71968679e+01 2.84683294e+01
 1.51450582e+00 -3.71967132e+01 2.84679401e+01
 1.57761857e+00 -3.71965584e+01 2.84675507e+01
 1.64073199e+00 -3.71964036e+01 2.84671613e+01
 1.70384607e+00 -3.71962488e+01 2.84667719e+01
 1.76696082e+00 -3.71960940e+01 2.84663825e+01
 1.83007624e+00 -3.71959393e+01 2.84659931e+01
 1.89319232e+00 -3.71957845e+01 2.84656037e+01
 1.95630908e+00 -3.71956297e+01 2.84652143e+01
 2.01942650e+00 -3.71954749e+01 2.84648249e+01
 2.08254459e+00 -3.71953201e+01 2.84644355e+01
 2.14566334e+00 -3.71951653e+01 2.84640461e+01
 2.21397233e+00 -3.71965802e+01 2.82905892e+01
 2.27190285e+00 -3.71948557e+01 2.84632672e+01
 2.33502361e+00 -3.71947010e+01 2.84628778e+01
 2.39814503e+00 -3.71945462e+01 2.84624884e+01
 2.46704997e+00 -3.71959603e+01 2.82890260e+01
 2.52438988e+00 -3.71942366e+01 2.84617095e+01
 2.58751331e+00 -3.71940818e+01 2.84613201e+01
 2.64443260e+00 -3.71923644e+01 2.86333679e+01
 2.71376217e+00 -3.71937722e+01 2.84605412e+01
 2.77688759e+00 -3.71936174e+01 2.84601518e+01
 2.83336553e+00 -3.71919005e+01 2.86322037e+01
 2.90314045e+00 -3.71933078e+01 2.84593729e+01
 2.96626788e+00 -3.71931530e+01 2.84589834e+01
 3.02230444e+00 -3.71914366e+01 2.86310395e+01
 3.08528540e+00 -3.71912820e+01 2.86306515e+01
 3.15565418e+00 -3.71926886e+01 2.84578151e+01
 3.21878428e+00 -3.71925337e+01 2.84574256e+01
 3.28191505e+00 -3.71923789e+01 2.84570361e+01
 3.34504649e+00 -3.71922241e+01 2.84566467e+01
 3.40817859e+00 -3.71920693e+01 2.84562572e+01
 3.47131136e+00 -3.71919145e+01 2.84558677e+01
 3.53444480e+00 -3.71917597e+01 2.84554783e+01
 3.59757890e+00 -3.71916049e+01 2.84550888e+01
 3.66071368e+00 -3.71914501e+01 2.84546993e+01
 3.71513166e+00 -3.71897357e+01 2.86267706e+01
 3.78698522e+00 -3.71911404e+01 2.84539203e+01
 3.85012200e+00 -3.71909856e+01 2.84535308e+01
 3.90409850e+00 -3.71892718e+01 2.86256063e+01
 3.96708878e+00 -3.71891171e+01 2.86252182e+01
 4.03953633e+00 -3.71905211e+01 2.84523623e+01
 4.09307133e+00 -3.71888078e+01 2.86244419e+01
 4.15606361e+00 -3.71886532e+01 2.86240538e+01
 4.21905655e+00 -3.71884986e+01 2.86236657e+01
 4.28205015e+00 -3.71883439e+01 2.86232776e+01
 4.34504442e+00 -3.71881893e+01 2.86228894e+01
 4.40803936e+00 -3.71880346e+01 2.86225013e+01
 4.47103496e+00 -3.71878800e+01 2.86221132e+01
 4.53403122e+00 -3.71877253e+01 2.86217250e+01
 4.59702815e+00 -3.71875707e+01 2.86213369e+01
 4.66002575e+00 -3.71874160e+01 2.86209487e+01
 4.75639647e+00 -3.71919487e+01 2.81011876e+01
 4.81984064e+00 -3.71917935e+01 2.81007953e+01
 4.88328548e+00 -3.71916383e+01 2.81004029e+01
 4.92354933e+00 -3.71883535e+01 2.84469090e+01
 5.01017717e+00 -3.71913279e+01 2.80996183e+01
 5.06171374e+00 -3.71896053e+01 2.82729998e+01
 5.12501229e+00 -3.71894503e+01 2.82726089e+01
 5.18831151e+00 -3.71892953e+01 2.82722179e+01
 5.26396862e+00 -3.71907070e+01 2.80980489e+01
 5.32741817e+00 -3.71905518e+01 2.80976565e+01
 5.39086838e+00 -3.71903966e+01 2.80972642e+01
 5.45431927e+00 -3.71902414e+01 2.80968718e+01
 5.51777084e+00 -3.71900862e+01 2.80964795e+01
 5.58122307e+00 -3.71899310e+01 2.80960871e+01
 5.64467598e+00 -3.71897758e+01 2.80956947e+01
 5.70812956e+00 -3.71896206e+01 2.80953023e+01
 5.77158381e+00 -3.71894653e+01 2.80949100e+01
 5.84878792e+00 -3.71908811e+01 2.79200794e+01
 5.91239308e+00 -3.71907257e+01 2.79196856e+01
 5.96195060e+00 -3.71889997e+01 2.80937328e+01
 6.02540755e+00 -3.71888445e+01 2.80933405e+01
 6.08886516e+00 -3.71886892e+01 2.80929481e+01
 6.15232345e+00 -3.71885340e+01 2.80925557e+01
 6.21578241e+00 -3.71883788e+01 2.80921633e+01
 6.29403820e+00 -3.71897933e+01 2.79173228e+01
 6.35764808e+00 -3.71896379e+01 2.79169290e+01
 6.40616333e+00 -3.71879131e+01 2.80909861e+01
 6.48486987e+00 -3.71893270e+01 2.79161414e+01
 6.53308730e+00 -3.71876026e+01 2.80902013e+01
 6.59655030e+00 -3.71874474e+01 2.80898089e+01
 6.67570762e+00 -3.71888608e+01 2.79149599e+01
 6.73932155e+00 -3.71887054e+01 2.79145661e+01
 6.80293616e+00 -3.71885499e+01 2.79141723e+01
 6.86655144e+00 -3.71883945e+01 2.79137784e+01
 6.91387537e+00 -3.71866712e+01 2.80878467e+01
 6.99378404e+00 -3.71880837e+01 2.79129908e+01
 7.05740134e+00 -3.71879283e+01 2.79125969e+01
 7.12101933e+00 -3.71877728e+01 2.79122031e+01
 7.18463799e+00 -3.71876174e+01 2.79118092e+01
 7.24825732e+00 -3.71874620e+01 2.79114154e+01
 7.32913117e+00 -3.71888792e+01 2.77358997e+01
 7.37549801e+00 -3.71871511e+01 2.79106277e+01
 7.42163046e+00 -3.71854293e+01 2.80847072e+01
 7.48510288e+00 -3.71852740e+01 2.80843148e+01
 7.54857596e+00 -3.71851188e+01 2.80839223e+01
 7.61204972e+00 -3.71849635e+01 2.80835299e+01
 7.67552416e+00 -3.71848083e+01 2.80831374e+01
 7.77554141e+00 -3.71877899e+01 2.77331327e+01
 7.85784134e+00 -3.71892113e+01 2.75569492e+01
 7.92176837e+00 -3.71890555e+01 2.75565525e+01
 7.96687024e+00 -3.71873230e+01 2.77319468e+01
 8.03064788e+00 -3.71871674e+01 2.77315515e+01
 8.11355356e+00 -3.71885881e+01 2.75553623e+01
 8.17748331e+00 -3.71884323e+01 2.75549656e+01
 8.22198485e+00 -3.71867005e+01 2.77303656e+01
 8.28576519e+00 -3.71865449e+01 2.77299703e+01
 8.34954622e+00 -3.71863892e+01 2.77295750e+01
 8.41332792e+00 -3.71862336e+01 2.77291796e+01
 8.47711029e+00 -3.71860780e+01 2.77287843e+01
 8.54089335e+00 -3.71859223e+01 2.77283890e+01
 8.60467708e+00 -3.71857667e+01 2.77279937e+01
 8.66846150e+00 -3.71856111e+01 2.77275983e+01
 8.73224659e+00 -3.71854554e+01 2.77272030e+01
 8.79603235e+00 -3.71852998e+01 2.77268077e+01
 8.90177067e+00 -3.71882983e+01 2.73741316e+01
 8.94469342e+00 -3.71865624e+01 2.75502046e+01
 9.00863202e+00 -3.71864066e+01 2.75498078e+01
 9.09404055e+00 -3.71878302e+01 2.73729369e+01
 9.13651125e+00 -3.71860949e+01 2.75490142e+01
 9.22222388e+00 -3.71875182e+01 2.73721405e+01
 9.28631657e+00 -3.71873622e+01 2.73717423e+01
 9.32833521e+00 -3.71856274e+01 2.75478239e+01
 9.39227789e+00 -3.71854716e+01 2.75474271e+01
 9.43392730e+00 -3.71837433e+01 2.77228541e+01
 9.49772052e+00 -3.71835877e+01 2.77224587e+01
 9.56151442e+00 -3.71834320e+01 2.77220634e+01
 9.62530900e+00 -3.71832764e+01 2.77216680e+01
 9.71200149e+00 -3.71846924e+01 2.75454431e+01
 9.77594825e+00 -3.71845366e+01 2.75450463e+01
 9.83989569e+00 -3.71843807e+01 2.75446495e+01
 9.88049409e+00 -3.71826537e+01 2.77200864e+01
 9.96779261e+00 -3.71840691e+01 2.75438559e+01
 1.00317421e+01 -3.71839132e+01 2.75434590e+01
 1.00956923e+01 -3.71837574e+01 2.75430622e+01
 1.01596431e+01 -3.71836015e+01 2.75426654e+01
 1.02477889e+01 -3.71850218e+01 2.73657687e+01
 1.02875468e+01 -3.71832898e+01 2.75418717e+01
 1.03759968e+01 -3.71847097e+01 2.73649722e+01
 1.04648428e+01 -3.71861352e+01 2.71874071e+01
 1.05291004e+01 -3.71859789e+01 2.71870074e+01
 1.05683138e+01 -3.71842416e+01 2.73637774e+01
 1.06324208e+01 -3.71840856e+01 2.73633791e+01
 1.07218775e+01 -3.71855103e+01 2.71858082e+01
 1.07861379e+01 -3.71853540e+01 2.71854085e+01
 1.08503990e+01 -3.71851978e+01 2.71850088e+01
 1.09146607e+01 -3.71850416e+01 2.71846090e+01
 1.09789232e+01 -3.71848853e+01 2.71842093e+01
 1.10693935e+01 -3.71863149e+01 2.70059632e+01
 1.11338099e+01 -3.71861585e+01 2.70055621e+01
 1.11982270e+01 -3.71860020e+01 2.70051609e+01
 1.12626448e+01 -3.71858456e+01 2.70047597e+01
 1.13270633e+01 -3.71856892e+01 2.70043585e+01
 1.13914824e+01 -3.71855328e+01 2.70039573e+01
 1.14559022e+01 -3.71853763e+01 2.70035561e+01
 1.15203228e+01 -3.71852199e+01 2.70031549e+01
 1.15847440e+01 -3.71850635e+01 2.70027537e+01
 1.16768504e+01 -3.71864971e+01 2.68238228e+01
 1.17693690e+01 -3.71879364e+01 2.66442148e+01
 1.18060026e+01 -3.71861839e+01 2.68230174e+01
 1.18705798e+01 -3.71860272e+01 2.68226147e+01
 1.19635617e+01 -3.71874659e+01 2.66430024e+01
 1.20282940e+01 -3.71873091e+01 2.66425982e+01
 1.20930270e+01 -3.71871523e+01 2.66421941e+01
 1.21288953e+01 -3.71854008e+01 2.68210040e+01
 1.22224951e+01 -3.71868387e+01 2.66413858e+01
 1.22872302e+01 -3.71866819e+01 2.66409816e+01
 1.23814036e+01 -3.71881253e+01 2.64606810e+01
 1.24462944e+01 -3.71879683e+01 2.64602753e+01
 1.25111860e+01 -3.71878113e+01 2.64598697e+01
 1.25760782e+01 -3.71876542e+01 2.64594640e+01
 1.26409711e+01 -3.71874972e+01 2.64590584e+01
 1.27058647e+01 -3.71873402e+01 2.64586527e+01
