 -1.47996508e+01 6.10767155e+00 2.10239773e+01
 -1.47668942e+01 6.16617738e+00 2.08217771e+01
 -1.45897143e+01 5.99987309e+00 2.14165871e+01
 -1.44854419e+01 5.94626802e+00 2.16118287e+01
 -1.44522774e+01 6.00415678e+00 2.14118168e+01
 -1.43483322e+01 5.95054291e+00 2.16070761e+01
 -1.42448465e+01 5.89712378e+00 2.18016316e+01
 -1.41764487e+01 5.89925700e+00 2.17992640e+01
 -1.40735824e+01 5.84602719e+00 2.19931282e+01
 -1.40053430e+01 5.84815615e+00 2.19907693e+01
 -1.39370996e+01 5.85028521e+00 2.19884103e+01
 -1.38350111e+01 5.79723937e+00 2.21815957e+01
 -1.37669257e+01 5.79936420e+00 2.21792453e+01
 -1.36654489e+01 5.74650570e+00 2.23717468e+01
 -1.35314378e+01 5.63924768e+00 2.27570107e+01
 -1.34638349e+01 5.64135961e+00 2.27546863e+01
 -1.33636929e+01 5.58906998e+00 2.29451318e+01
 -1.32962457e+01 5.59117774e+00 2.29428159e+01
 -1.31967031e+01 5.53907147e+00 2.31325919e+01
 -1.30975976e+01 5.48715181e+00 2.33216936e+01
 -1.30304644e+01 5.48925121e+00 2.33193946e+01
 -1.29948156e+01 5.54538262e+00 2.31256692e+01
 -1.28961861e+01 5.49345030e+00 2.33147963e+01
 -1.27979899e+01 5.44170365e+00 2.35032524e+01
 -1.27002247e+01 5.39014169e+00 2.36910411e+01
 -1.26333954e+01 5.39223298e+00 2.36887587e+01
 -1.25970175e+01 5.44799038e+00 2.34963795e+01
 -1.24997250e+01 5.39641587e+00 2.36841935e+01
 -1.24028596e+01 5.34502512e+00 2.38713434e+01
 -1.23960099e+01 5.45427798e+00 2.34895057e+01
 -1.22694878e+01 5.34920004e+00 2.38667945e+01
 -1.21733603e+01 5.29798379e+00 2.40533006e+01
 -1.19907627e+01 5.08872722e+00 2.47994891e+01
 -1.19248597e+01 5.09079398e+00 2.47972559e+01
 -1.19161436e+01 5.19817110e+00 2.44220954e+01
 -1.17930425e+01 5.09492779e+00 2.47927893e+01
 -1.17553561e+01 5.14956467e+00 2.46044073e+01
 -1.16612099e+01 5.09906196e+00 2.47883223e+01
 -1.15952879e+01 5.10112919e+00 2.47860886e+01
 -1.15293621e+01 5.10319651e+00 2.47838548e+01
 -1.14359354e+01 5.05286378e+00 2.49671426e+01
 -1.13701597e+01 5.05492714e+00 2.49649168e+01
 -1.13315619e+01 5.10939903e+00 2.47771529e+01
 -1.12385969e+01 5.05905413e+00 2.49604650e+01
 -1.11996760e+01 5.11353452e+00 2.47726845e+01
 -1.11070189e+01 5.06318148e+00 2.49560128e+01
 -1.10147676e+01 5.01300574e+00 2.51387008e+01
 -1.09229199e+01 4.96300635e+00 2.53207518e+01
 -1.08314737e+01 4.91318240e+00 2.55021692e+01
 -1.07661379e+01 4.91523414e+00 2.54999670e+01
 -1.07007982e+01 4.91728597e+00 2.54977647e+01
 -1.06100553e+01 4.86762856e+00 2.56785677e+01
 -1.05448638e+01 4.86967650e+00 2.56763732e+01
 -1.05047568e+01 4.92344202e+00 2.54911573e+01
 -1.03896247e+01 4.82223281e+00 2.58543703e+01
 -1.03245772e+01 4.82427695e+00 2.58521836e+01
 -1.02107146e+01 4.72376682e+00 2.62128850e+01
 -1.01701771e+01 4.77699433e+00 2.60295802e+01
 -1.01294121e+01 4.83040992e+00 2.58456228e+01
 -1.00164648e+01 4.72987582e+00 2.62063716e+01
 -9.97545368e+00 4.78311570e+00 2.60230427e+01
 -9.91053844e+00 4.78515634e+00 2.60208634e+01
 -9.79882559e+00 4.68495326e+00 2.63803973e+01
 -9.73421077e+00 4.68698604e+00 2.63782336e+01
 -9.66959225e+00 4.68901890e+00 2.63760697e+01
 -9.60497004e+00 4.69105185e+00 2.63739058e+01
 -9.54034413e+00 4.69308490e+00 2.63717418e+01
 -9.45320584e+00 4.64424377e+00 2.65495267e+01
 -9.36644815e+00 4.59557203e+00 2.67267002e+01
 -9.32424195e+00 4.64830232e+00 2.65452139e+01
 -9.23778225e+00 4.59962279e+00 2.67224028e+01
 -9.19526332e+00 4.65236122e+00 2.65409007e+01
 -9.15251106e+00 4.70528506e+00 2.63587556e+01
 -9.08785927e+00 4.70731873e+00 2.63565909e+01
 -9.00176775e+00 4.65845024e+00 2.65344301e+01
 -8.95854461e+00 4.71138636e+00 2.63522612e+01
 -8.89388173e+00 4.71342030e+00 2.63500962e+01
 -8.82921515e+00 4.71545434e+00 2.63479311e+01
 -8.76454488e+00 4.71748847e+00 2.63457659e+01
 -8.69987090e+00 4.71952269e+00 2.63436007e+01
 -8.59423251e+00 4.61988196e+00 2.67009100e+01
 -8.52985734e+00 4.62190837e+00 2.66987602e+01
 -8.48561742e+00 4.67469161e+00 2.65171711e+01
 -8.42108204e+00 4.67672219e+00 2.65150133e+01
 -8.33670979e+00 4.62798814e+00 2.66923102e+01
 -8.27231993e+00 4.63001491e+00 2.66901600e+01
 -8.20792639e+00 4.63204177e+00 2.66880097e+01
 -8.14352918e+00 4.63406872e+00 2.66858593e+01
 -8.05997364e+00 4.58549180e+00 2.68625704e+01
 -7.99572149e+00 4.58751496e+00 2.68604276e+01
 -7.95031550e+00 4.64015010e+00 2.66794076e+01
 -7.88590359e+00 4.64217741e+00 2.66772569e+01
 -7.84009771e+00 4.69500143e+00 2.64955887e+01
 -7.75706875e+00 4.64623230e+00 2.66729551e+01
 -7.67440581e+00 4.59763209e+00 2.68497122e+01
 -7.61013169e+00 4.59965578e+00 2.68475688e+01
 -7.54585391e+00 4.60167957e+00 2.68454254e+01
 -7.48157246e+00 4.60370344e+00 2.68432818e+01
 -7.41728735e+00 4.60572741e+00 2.68411382e+01
 -7.35299857e+00 4.60775146e+00 2.68389944e+01
 -7.28870613e+00 4.60977560e+00 2.68368506e+01
 -7.22441003e+00 4.61179983e+00 2.68347067e+01
 -7.16011026e+00 4.61382416e+00 2.68325627e+01
 -7.09580682e+00 4.61584857e+00 2.68304185e+01
 -7.03149972e+00 4.61787307e+00 2.68282743e+01
 -6.96718896e+00 4.61989766e+00 2.68261300e+01
 -6.90287453e+00 4.62192234e+00 2.68239856e+01
 -6.83855643e+00 4.62394711e+00 2.68218411e+01
 -6.77423467e+00 4.62597197e+00 2.68196965e+01
 -6.70990925e+00 4.62799692e+00 2.68175518e+01
 -6.64558015e+00 4.63002195e+00 2.68154071e+01
 -6.58124739e+00 4.63204708e+00 2.68132622e+01
 -6.50147168e+00 4.58354917e+00 2.69895432e+01
 -6.43728379e+00 4.58557051e+00 2.69874059e+01
 -6.37309224e+00 4.58759195e+00 2.69852684e+01
 -6.30889704e+00 4.58961347e+00 2.69831309e+01
 -6.24469818e+00 4.59163509e+00 2.69809933e+01
 -6.18049566e+00 4.59365679e+00 2.69788556e+01
 -6.11628950e+00 4.59567858e+00 2.69767179e+01
 -6.05207967e+00 4.59770047e+00 2.69745800e+01
 -5.98786619e+00 4.59972244e+00 2.69724420e+01
 -5.92364906e+00 4.60174450e+00 2.69703039e+01
 -5.85942827e+00 4.60376665e+00 2.69681657e+01
 -5.79520382e+00 4.60578889e+00 2.69660275e+01
 -5.73097571e+00 4.60781122e+00 2.69638891e+01
 -5.66674395e+00 4.60983364e+00 2.69617507e+01
 -5.60250853e+00 4.61185614e+00 2.69596121e+01
 -5.53826946e+00 4.61387874e+00 2.69574735e+01
 -5.47402672e+00 4.61590143e+00 2.69553348e+01
 -5.40978033e+00 4.61792420e+00 2.69531959e+01
 -5.34553028e+00 4.61994707e+00 2.69510570e+01
 -5.28127657e+00 4.62197002e+00 2.69489180e+01
 -5.21701921e+00 4.62399307e+00 2.69467789e+01
 -5.15275818e+00 4.62601620e+00 2.69446397e+01
 -5.08849350e+00 4.62803942e+00 2.69425004e+01
 -5.02422515e+00 4.63006273e+00 2.69403610e+01
 -4.95995315e+00 4.63208614e+00 2.69382215e+01
 -4.89567749e+00 4.63410963e+00 2.69360819e+01
 -4.83139816e+00 4.63613321e+00 2.69339422e+01
 -4.76711518e+00 4.63815688e+00 2.69318024e+01
 -4.70282854e+00 4.64018064e+00 2.69296626e+01
 -4.63853823e+00 4.64220449e+00 2.69275226e+01
 -4.57424427e+00 4.64422843e+00 2.69253825e+01
 -4.50994664e+00 4.64625245e+00 2.69232424e+01
 -4.44564535e+00 4.64827657e+00 2.69211021e+01
 -4.38134040e+00 4.65030078e+00 2.69189618e+01
 -4.31703179e+00 4.65232507e+00 2.69168213e+01
 -4.25271951e+00 4.65434946e+00 2.69146808e+01
 -4.18840358e+00 4.65637394e+00 2.69125402e+01
 -4.12408398e+00 4.65839850e+00 2.69103995e+01
 -4.05976071e+00 4.66042316e+00 2.69082586e+01
 -3.99543379e+00 4.66244790e+00 2.69061177e+01
 -3.94044413e+00 4.71515455e+00 2.67252404e+01
 -3.87595715e+00 4.71718345e+00 2.67230916e+01
 -3.82053348e+00 4.77007915e+00 2.65415668e+01
 -3.75588585e+00 4.77211221e+00 2.65394099e+01
 -3.68247413e+00 4.72327068e+00 2.67166444e+01
 -3.62657952e+00 4.77617862e+00 2.65350959e+01
 -3.57040414e+00 4.82927258e+00 2.63529043e+01
 -3.50558787e+00 4.83131002e+00 2.63507392e+01
 -3.43259234e+00 4.78227891e+00 2.65286242e+01
 -3.35992887e+00 4.73341786e+00 2.67058972e+01
 -3.30324909e+00 4.78634622e+00 2.65243092e+01
 -3.23088502e+00 4.73747736e+00 2.67015976e+01
 -3.16635757e+00 4.73950725e+00 2.66994477e+01
 -3.10920652e+00 4.79244786e+00 2.65178360e+01
 -3.03729164e+00 4.74356729e+00 2.66951476e+01
 -2.97982634e+00 4.79651607e+00 2.65135201e+01
 -2.91513071e+00 4.79855031e+00 2.65113619e+01
 -2.85043138e+00 4.80058465e+00 2.65092037e+01
 -2.78572836e+00 4.80261907e+00 2.65070454e+01
 -2.72102165e+00 4.80465358e+00 2.65048870e+01
 -2.65631124e+00 4.80668818e+00 2.65027285e+01
 -2.59159713e+00 4.80872288e+00 2.65005699e+01
 -2.52687933e+00 4.81075766e+00 2.64984113e+01
 -2.46215784e+00 4.81279253e+00 2.64962525e+01
 -2.39743264e+00 4.81482750e+00 2.64940936e+01
 -2.33270375e+00 4.81686255e+00 2.64919346e+01
 -2.26797117e+00 4.81889770e+00 2.64897755e+01
 -2.20323489e+00 4.82093293e+00 2.64876164e+01
 -2.13849491e+00 4.82296826e+00 2.64854571e+01
 -2.07375123e+00 4.82500367e+00 2.64832978e+01
 -2.00900386e+00 4.82703918e+00 2.64811383e+01
 -1.94425279e+00 4.82907477e+00 2.64789787e+01
 -1.87949802e+00 4.83111046e+00 2.64768191e+01
 -1.81473955e+00 4.83314624e+00 2.64746594e+01
 -1.74582230e+00 4.78418750e+00 2.66521255e+01
 -1.68121015e+00 4.78621945e+00 2.66499734e+01
 -1.61659432e+00 4.78825150e+00 2.66478212e+01
 -1.55197480e+00 4.79028363e+00 2.66456689e+01
 -1.49089173e+00 4.84332648e+00 2.64638592e+01
 -1.42611107e+00 4.84536280e+00 2.64616989e+01
 -1.36457061e+00 4.89859638e+00 2.62792368e+01
 -1.29653865e+00 4.84943571e+00 2.64573780e+01
 -1.23174689e+00 4.85147230e+00 2.64552174e+01
 -1.16695142e+00 4.85350898e+00 2.64530567e+01
 -1.10477873e+00 4.90675901e+00 2.62705627e+01
 -1.03982147e+00 4.90879989e+00 2.62683940e+01
 -9.74860504e-01 4.91084087e+00 2.62662251e+01
 -9.07732562e-01 4.86165661e+00 2.64444129e+01
 -8.42918592e-01 4.86369374e+00 2.64422517e+01
 -7.78100920e-01 4.86573097e+00 2.64400904e+01
 -7.14979470e-01 4.91900568e+00 2.62575487e+01
 -6.49999922e-01 4.92104711e+00 2.62553794e+01
 -5.83625689e-01 4.87184318e+00 2.64336060e+01
 -5.20029677e-01 4.92513024e+00 2.62510404e+01
 -4.53957020e-01 4.87591844e+00 2.64292826e+01
 -3.90044564e-01 4.92921374e+00 2.62467010e+01
 -3.25046431e-01 4.93125562e+00 2.62445312e+01
 -2.60044581e-01 4.93329760e+00 2.62423613e+01
 -1.95039013e-01 4.93533966e+00 2.62401913e+01
 -1.30029727e-01 4.93738182e+00 2.62380211e+01
 -6.50167229e-02 4.93942407e+00 2.62358509e+01
 0.00000000e+00 4.94146641e+00 2.62336806e+01
 6.50204418e-02 4.94350883e+00 2.62315102e+01
 1.30044603e-01 4.94555135e+00 2.62293397e+01
 1.95072483e-01 4.94759397e+00 2.62271691e+01
 2.60104083e-01 4.94963667e+00 2.62249984e+01
 3.25139402e-01 4.95167946e+00 2.62228276e+01
 3.90178442e-01 4.95372234e+00 2.62206567e+01
 4.55221202e-01 4.95576532e+00 2.62184858e+01
 5.19030348e-01 4.90649445e+00 2.63968447e+01
 5.85317884e-01 4.95985154e+00 2.62141435e+01
 6.51924036e-01 5.01339681e+00 2.60307931e+01
 7.15429451e-01 4.96393812e+00 2.62098009e+01
 7.80490816e-01 4.96598155e+00 2.62076294e+01
 8.45555904e-01 4.96802507e+00 2.62054578e+01
 9.10624713e-01 4.97006869e+00 2.62032862e+01
 9.78026098e-01 5.02363467e+00 2.60198956e+01
 1.04325772e+00 5.02568251e+00 2.60177158e+01
 1.10849307e+00 5.02773045e+00 2.60155360e+01
 1.17093718e+00 4.97824404e+00 2.61945986e+01
 1.23308452e+00 4.92892981e+00 2.63730432e+01
 1.29802079e+00 4.93096993e+00 2.63708789e+01
 1.35972227e+00 4.88182306e+00 2.65487165e+01
 1.42451160e+00 4.88385935e+00 2.65465599e+01
 1.48576974e+00 4.83487899e+00 2.67237936e+01
 1.55410135e+00 4.88793219e+00 2.65422462e+01
 1.61890177e+00 4.88996875e+00 2.65400892e+01
 1.68370589e+00 4.89200540e+00 2.65379321e+01
 1.74436334e+00 4.84300939e+00 2.67151968e+01
 1.80902095e+00 4.84504222e+00 2.67130473e+01
 1.87368225e+00 4.84707514e+00 2.67108978e+01
 1.93834723e+00 4.84910814e+00 2.67087481e+01
 1.99826641e+00 4.80027008e+00 2.68854271e+01
 2.06278534e+00 4.80229928e+00 2.68832851e+01
 2.12730795e+00 4.80432857e+00 2.68811429e+01
 2.19183423e+00 4.80635795e+00 2.68790007e+01
 2.25636418e+00 4.80838742e+00 2.68768583e+01
 2.32089781e+00 4.81041698e+00 2.68747159e+01
 2.38543511e+00 4.81244663e+00 2.68725733e+01
 2.44997608e+00 4.81447637e+00 2.68704307e+01
 2.51452073e+00 4.81650620e+00 2.68682880e+01
 2.57906906e+00 4.81853612e+00 2.68661452e+01
 2.64362106e+00 4.82056613e+00 2.68640022e+01
 2.70817673e+00 4.82259622e+00 2.68618592e+01
 2.75962178e+00 4.72331810e+00 2.72156990e+01
 2.82387924e+00 4.72534046e+00 2.72135713e+01
 2.88814035e+00 4.72736290e+00 2.72114434e+01
 2.95240511e+00 4.72938543e+00 2.72093155e+01
 3.01667351e+00 4.73140804e+00 2.72071874e+01
 3.08094557e+00 4.73343075e+00 2.72050593e+01
 3.14522128e+00 4.73545355e+00 2.72029311e+01
 3.20950064e+00 4.73747644e+00 2.72008027e+01
 3.27378365e+00 4.73949941e+00 2.71986743e+01
 3.33807032e+00 4.74152248e+00 2.71965458e+01
 3.40236063e+00 4.74354563e+00 2.71944172e+01
 3.46665459e+00 4.74556887e+00 2.71922885e+01
 3.53095221e+00 4.74759221e+00 2.71901597e+01
 3.59525348e+00 4.74961563e+00 2.71880308e+01
 3.65090626e+00 4.70119285e+00 2.73630764e+01
 3.72386698e+00 4.75366274e+00 2.71837728e+01
 3.78817920e+00 4.75568643e+00 2.71816436e+01
 3.84338638e+00 4.70725209e+00 2.73567119e+01
 3.90755370e+00 4.70927202e+00 2.73545902e+01
 3.98113780e+00 4.76175803e+00 2.71752555e+01
 4.03589926e+00 4.71331214e+00 2.73503466e+01
 4.10979514e+00 4.76580622e+00 2.71709964e+01
 4.16425939e+00 4.71735261e+00 2.73461025e+01
 4.23846709e+00 4.76985476e+00 2.71667368e+01
 4.31301838e+00 4.82254034e+00 2.69867396e+01
 4.37751633e+00 4.82456880e+00 2.69846019e+01
 4.44201795e+00 4.82659734e+00 2.69824641e+01
 4.50652323e+00 4.82862598e+00 2.69803262e+01
 4.57103219e+00 4.83065470e+00 2.69781881e+01
 4.63554481e+00 4.83268352e+00 2.69760500e+01
 4.70006111e+00 4.83471242e+00 2.69739118e+01
 4.76458107e+00 4.83674142e+00 2.69717736e+01
 4.81767182e+00 4.78807761e+00 2.71475641e+01
 4.87050050e+00 4.73958158e+00 2.73227537e+01
 4.93472610e+00 4.74160293e+00 2.73206305e+01
 5.01080588e+00 4.79415351e+00 2.71411716e+01
 5.07519122e+00 4.79617898e+00 2.71390405e+01
 5.12742475e+00 4.74766752e+00 2.73142604e+01
 5.20397286e+00 4.80023021e+00 2.71347781e+01
 5.28087292e+00 4.85297660e+00 2.69546638e+01
 5.34542592e+00 4.85500640e+00 2.69525247e+01
 5.40998259e+00 4.85703629e+00 2.69503854e+01
 5.47454294e+00 4.85906627e+00 2.69482461e+01
 5.53910696e+00 4.86109634e+00 2.69461067e+01
 5.60367465e+00 4.86312651e+00 2.69439671e+01
 5.66824602e+00 4.86515676e+00 2.69418275e+01
 5.73282105e+00 4.86718710e+00 2.69396878e+01
 5.79739977e+00 4.86921753e+00 2.69375480e+01
 5.86198215e+00 4.87124805e+00 2.69354081e+01
 5.92656821e+00 4.87327866e+00 2.69332681e+01
 5.99115795e+00 4.87530936e+00 2.69311280e+01
 6.05575136e+00 4.87734014e+00 2.69289878e+01
 6.12034844e+00 4.87937102e+00 2.69268475e+01
 6.18494920e+00 4.88140199e+00 2.69247072e+01
 6.24955364e+00 4.88343305e+00 2.69225667e+01
 6.31416175e+00 4.88546420e+00 2.69204261e+01
 6.37877353e+00 4.88749544e+00 2.69182855e+01
 6.44338899e+00 4.88952677e+00 2.69161447e+01
 6.50800813e+00 4.89155819e+00 2.69140039e+01
 6.57263095e+00 4.89358969e+00 2.69118629e+01
 6.63725744e+00 4.89562129e+00 2.69097219e+01
 6.70188761e+00 4.89765298e+00 2.69075808e+01
 6.76652145e+00 4.89968476e+00 2.69054395e+01
 6.83115898e+00 4.90171662e+00 2.69032982e+01
 6.89580018e+00 4.90374858e+00 2.69011568e+01
 6.96044506e+00 4.90578063e+00 2.68990153e+01
 7.02509362e+00 4.90781277e+00 2.68968737e+01
 7.08974585e+00 4.90984499e+00 2.68947320e+01
 7.15440177e+00 4.91187731e+00 2.68925902e+01
 7.21906136e+00 4.91390972e+00 2.68904483e+01
 7.28372464e+00 4.91594221e+00 2.68883063e+01
 7.34839159e+00 4.91797480e+00 2.68861642e+01
 7.41306222e+00 4.92000748e+00 2.68840221e+01
 7.46002220e+00 4.87118453e+00 2.70601256e+01
 7.52454671e+00 4.87321341e+00 2.70579909e+01
 7.58907488e+00 4.87524238e+00 2.70558562e+01
 7.65360672e+00 4.87727144e+00 2.70537214e+01
 7.69987742e+00 4.82860533e+00 2.72292451e+01
 7.76426360e+00 4.83063061e+00 2.72271178e+01
 7.81014687e+00 4.78212829e+00 2.74020495e+01
 7.89304691e+00 4.83468143e+00 2.72228629e+01
 7.95744404e+00 4.83670697e+00 2.72207353e+01
 8.02184484e+00 4.83873260e+00 2.72186077e+01
 8.08624929e+00 4.84075833e+00 2.72164799e+01
 8.15065739e+00 4.84278414e+00 2.72143520e+01
 8.21506915e+00 4.84481004e+00 2.72122241e+01
 8.27948457e+00 4.84683603e+00 2.72100960e+01
 8.34390365e+00 4.84886211e+00 2.72079679e+01
 8.40832638e+00 4.85088828e+00 2.72058396e+01
 8.49285451e+00 4.90365735e+00 2.70259602e+01
 8.55743773e+00 4.90568766e+00 2.70238241e+01
 8.64250372e+00 4.95864543e+00 2.68433027e+01
 8.68661516e+00 4.90974856e+00 2.70195515e+01
 8.77199596e+00 4.96271448e+00 2.68390145e+01
 8.85776094e+00 5.01586605e+00 2.66578399e+01
 8.88040885e+00 4.91584058e+00 2.70131420e+01
 8.98758391e+00 5.01994364e+00 2.66535355e+01
 9.05250094e+00 5.02198257e+00 2.66513832e+01
 9.11742168e+00 5.02402159e+00 2.66492307e+01
 9.20420718e+00 5.07737625e+00 2.64673834e+01
 9.26929023e+00 5.07941947e+00 2.64652230e+01
 9.31220608e+00 5.03013920e+00 2.66427729e+01
 9.39946746e+00 5.08350619e+00 2.64609018e+01
 9.44208085e+00 5.03421805e+00 2.66384671e+01
 9.59804374e+00 5.24268187e+00 2.59135915e+01
 9.66361357e+00 5.24473772e+00 2.59114068e+01
 9.72918715e+00 5.24679366e+00 2.59092221e+01
 9.77141995e+00 5.19696005e+00 2.60886918e+01
 9.79008830e+00 5.09576852e+00 2.64479359e+01
 9.85520477e+00 5.09781256e+00 2.64457746e+01
 9.94397327e+00 5.15139624e+00 2.62632031e+01
 1.00331401e+01 5.20516881e+00 2.60799832e+01
 1.00985795e+01 5.20722122e+00 2.60778058e+01
 1.01398230e+01 5.15754131e+00 2.62566946e+01
 1.02051137e+01 5.15958985e+00 2.62545250e+01
 1.02704081e+01 5.16163848e+00 2.62523552e+01
 1.03603746e+01 5.21543181e+00 2.60690952e+01
 1.04010082e+01 5.16573601e+00 2.62480154e+01
 1.04663138e+01 5.16778491e+00 2.62458453e+01
 1.05316232e+01 5.16983391e+00 2.62436752e+01
 1.05969363e+01 5.17188299e+00 2.62415049e+01
 1.06877027e+01 5.22569710e+00 2.60582048e+01
 1.07275736e+01 5.17598144e+00 2.62371641e+01
 1.08445129e+01 5.28175879e+00 2.58720661e+01
 1.08841445e+01 5.23185737e+00 2.60516695e+01
 1.09757991e+01 5.28587407e+00 2.58676929e+01
 1.10943731e+01 5.39241587e+00 2.54999717e+01
 1.11336739e+01 5.34214391e+00 2.56808657e+01
 1.11994877e+01 5.34420598e+00 2.56786708e+01
 1.12384167e+01 5.29410576e+00 2.58589455e+01
 1.13040805e+01 5.29616391e+00 2.58567584e+01
 1.13969516e+01 5.35039274e+00 2.56720855e+01
 1.14627805e+01 5.35245518e+00 2.56698901e+01
 1.15010944e+01 5.30233891e+00 2.58501965e+01
 1.15944495e+01 5.35658033e+00 2.56654992e+01
 1.17162523e+01 5.46357012e+00 2.52963339e+01
 1.18107022e+01 5.51838737e+00 2.51096551e+01
 1.18770262e+01 5.52046269e+00 2.51074350e+01
 1.19433540e+01 5.52253811e+00 2.51052148e+01
 1.20385546e+01 5.57755933e+00 2.49178491e+01
 1.21050499e+01 5.57963912e+00 2.49156205e+01
 1.21715490e+01 5.58171900e+00 2.49133918e+01
 1.22380520e+01 5.58379897e+00 2.49111630e+01
 1.23341723e+01 5.63902959e+00 2.47230983e+01
 1.24307235e+01 5.69445784e+00 2.45343556e+01
 1.24975596e+01 5.69654651e+00 2.45321101e+01
 1.25947096e+01 5.75217780e+00 2.43426775e+01
 1.26617152e+01 5.75427091e+00 2.43404234e+01
 1.27287246e+01 5.75636411e+00 2.43381693e+01
 1.28266431e+01 5.81220390e+00 2.41480345e+01
 1.29250013e+01 5.86824463e+00 2.39572108e+01
 1.29923477e+01 5.87034665e+00 2.39549395e+01
 1.30281935e+01 5.81849713e+00 2.41412460e+01
 1.30953848e+01 5.82059507e+00 2.41389829e+01
 1.31625800e+01 5.82269310e+00 2.41367197e+01
 1.32617725e+01 5.87875570e+00 2.39458534e+01
 1.33291385e+01 5.88085820e+00 2.39435817e+01
 1.34614956e+01 5.99148835e+00 2.35620380e+01
 1.35291972e+01 5.99359967e+00 2.35597490e+01
 1.35969028e+01 5.99571108e+00 2.35574600e+01
 1.36977758e+01 6.05239222e+00 2.33644859e+01
 1.37991026e+01 6.10927885e+00 2.31708073e+01
 1.38335364e+01 6.05662421e+00 2.33598902e+01
 1.39352021e+01 6.11351976e+00 2.31661943e+01
 1.40373253e+01 6.17062196e+00 2.29717898e+01
 1.41055510e+01 6.17274704e+00 2.29694743e+01
 1.41737808e+01 6.17487221e+00 2.29671588e+01
 1.42420146e+01 6.17699749e+00 2.29648431e+01
 1.43102523e+01 6.17912285e+00 2.29625274e+01
 1.44135185e+01 6.23645086e+00 2.27673753e+01
 1.44467397e+01 6.18337388e+00 2.29578955e+01
 1.45149894e+01 6.18549955e+00 2.29555795e+01
