 -2.00806688e-01 1.95845687e+00 4.57087709e-01
 -1.97616083e-01 1.95840900e+00 4.57108338e-01
 -1.94425581e-01 1.95836114e+00 4.57128966e-01
 -1.91235182e-01 1.95831327e+00 4.57149593e-01
 -1.88044887e-01 1.95826541e+00 4.57170220e-01
 -1.84854695e-01 1.95821755e+00 4.57190845e-01
 -1.81664606e-01 1.95816969e+00 4.57211469e-01
 -1.78474620e-01 1.95812184e+00 4.57232093e-01
 -1.74056262e-01 1.95036839e+00 4.66187084e-01
 -1.70888857e-01 1.95032099e+00 4.66207425e-01
 -1.67721553e-01 1.95027358e+00 4.66227765e-01
 -1.64554351e-01 1.95022617e+00 4.66248105e-01
 -1.61387251e-01 1.95017877e+00 4.66268443e-01
 -1.58220253e-01 1.95013137e+00 4.66288780e-01
 -1.55053357e-01 1.95008397e+00 4.66309117e-01
 -1.51886563e-01 1.95003657e+00 4.66329453e-01
 -1.48719870e-01 1.94998918e+00 4.66349787e-01
 -1.45553279e-01 1.94994179e+00 4.66370121e-01
 -1.42386790e-01 1.94989440e+00 4.66390454e-01
 -1.39220402e-01 1.94984701e+00 4.66410787e-01
 -1.35102609e-01 1.94216811e+00 4.75282352e-01
 -1.31958582e-01 1.94212116e+00 4.75302406e-01
 -1.28814656e-01 1.94207422e+00 4.75322460e-01
 -1.25670830e-01 1.94202727e+00 4.75342512e-01
 -1.23389991e-01 1.94961010e+00 4.66512434e-01
 -1.20224214e-01 1.94956272e+00 4.66532761e-01
 -1.17058539e-01 1.94951535e+00 4.66553087e-01
 -1.13892966e-01 1.94946797e+00 4.66573412e-01
 -1.10727494e-01 1.94942060e+00 4.66593737e-01
 -1.07562124e-01 1.94937324e+00 4.66614060e-01
 -1.04396855e-01 1.94932587e+00 4.66634383e-01
 -1.01231688e-01 1.94927851e+00 4.66654704e-01
 -9.80666231e-02 1.94923114e+00 4.66675025e-01
 -9.49016597e-02 1.94918378e+00 4.66695345e-01
 -9.17367979e-02 1.94913643e+00 4.66715664e-01
 -8.85720378e-02 1.94908907e+00 4.66735982e-01
 -8.54073793e-02 1.94904172e+00 4.66756299e-01
 -8.28230276e-02 1.95668714e+00 4.57850383e-01
 -7.96362393e-02 1.95663935e+00 4.57870978e-01
 -7.64495541e-02 1.95659156e+00 4.57891573e-01
 -7.32629718e-02 1.95654378e+00 4.57912167e-01
 -7.00764926e-02 1.95649599e+00 4.57932760e-01
 -6.68901164e-02 1.95644821e+00 4.57953353e-01
 -6.37038432e-02 1.95640043e+00 4.57973944e-01
 -6.05176730e-02 1.95635265e+00 4.57994535e-01
 -5.73316058e-02 1.95630487e+00 4.58015124e-01
 -5.41456415e-02 1.95625710e+00 4.58035713e-01
 -5.09597803e-02 1.95620933e+00 4.58056300e-01
 -4.77740220e-02 1.95616156e+00 4.58076887e-01
 -4.45883667e-02 1.95611379e+00 4.58097473e-01
 -4.14028143e-02 1.95606602e+00 4.58118058e-01
 -3.82173649e-02 1.95601826e+00 4.58138643e-01
 -3.50320185e-02 1.95597049e+00 4.58159226e-01
 -3.18467750e-02 1.95592273e+00 4.58179808e-01
 -2.86616344e-02 1.95587498e+00 4.58200390e-01
 -2.54765967e-02 1.95582722e+00 4.58220970e-01
 -2.22916620e-02 1.95577947e+00 4.58241550e-01
 -1.91068302e-02 1.95573172e+00 4.58262129e-01
 -1.59221013e-02 1.95568397e+00 4.58282707e-01
 -1.27374752e-02 1.95563622e+00 4.58303284e-01
 -9.55295211e-03 1.95558847e+00 4.58323860e-01
 -6.36853186e-03 1.95554073e+00 4.58344435e-01
 -3.18421449e-03 1.95549299e+00 4.58365010e-01
 0.00000000e+00 1.95544525e+00 4.58385583e-01
 3.18411163e-03 1.95539751e+00 4.58406156e-01
 6.36812040e-03 1.95534978e+00 4.58426728e-01
 9.55202632e-03 1.95530204e+00 4.58447298e-01
 1.27358294e-02 1.95525431e+00 4.58467868e-01
 1.59195296e-02 1.95520658e+00 4.58488437e-01
 1.91031270e-02 1.95515886e+00 4.58509006e-01
 2.22866216e-02 1.95511113e+00 4.58529573e-01
 2.54700134e-02 1.95506341e+00 4.58550139e-01
 2.86533023e-02 1.95501569e+00 4.58570705e-01
 3.18364885e-02 1.95496797e+00 4.58591269e-01
 3.50195718e-02 1.95492025e+00 4.58611833e-01
 3.82025524e-02 1.95487254e+00 4.58632396e-01
 4.13854301e-02 1.95482483e+00 4.58652957e-01
 4.45682051e-02 1.95477712e+00 4.58673518e-01
 4.77508773e-02 1.95472941e+00 4.58694079e-01
 5.09334468e-02 1.95468170e+00 4.58714638e-01
 5.41159135e-02 1.95463400e+00 4.58735196e-01
 5.72982774e-02 1.95458630e+00 4.58755754e-01
 6.04805386e-02 1.95453860e+00 4.58776310e-01
 6.36626971e-02 1.95449090e+00 4.58796866e-01
 6.68447528e-02 1.95444320e+00 4.58817421e-01
 7.00267058e-02 1.95439551e+00 4.58837974e-01
 7.32085561e-02 1.95434782e+00 4.58858527e-01
 7.63903037e-02 1.95430013e+00 4.58879080e-01
 7.95719486e-02 1.95425244e+00 4.58899631e-01
 8.27534907e-02 1.95420476e+00 4.58920181e-01
 8.59349302e-02 1.95415707e+00 4.58940730e-01
 8.91162670e-02 1.95410939e+00 4.58961279e-01
 9.22975011e-02 1.95406171e+00 4.58981827e-01
 9.54786326e-02 1.95401403e+00 4.59002373e-01
 9.86596613e-02 1.95396636e+00 4.59022919e-01
 1.01840587e-01 1.95391869e+00 4.59043464e-01
 1.05021411e-01 1.95387101e+00 4.59064008e-01
 1.08202132e-01 1.95382335e+00 4.59084552e-01
 1.11382750e-01 1.95377568e+00 4.59105094e-01
 1.14563266e-01 1.95372801e+00 4.59125635e-01
 1.17743678e-01 1.95368035e+00 4.59146176e-01
 1.20923989e-01 1.95363269e+00 4.59166715e-01
 1.24104196e-01 1.95358503e+00 4.59187254e-01
 1.27284302e-01 1.95353738e+00 4.59207792e-01
 1.30464304e-01 1.95348972e+00 4.59228329e-01
 1.33644204e-01 1.95344207e+00 4.59248865e-01
 1.36824001e-01 1.95339442e+00 4.59269400e-01
 1.40003696e-01 1.95334677e+00 4.59289934e-01
 1.43183288e-01 1.95329912e+00 4.59310468e-01
 1.46362778e-01 1.95325148e+00 4.59331000e-01
 1.49542165e-01 1.95320384e+00 4.59351532e-01
 1.52721449e-01 1.95315620e+00 4.59372063e-01
 1.55900631e-01 1.95310856e+00 4.59392593e-01
 1.59079711e-01 1.95306092e+00 4.59413122e-01
 1.62258688e-01 1.95301329e+00 4.59433650e-01
 1.65437562e-01 1.95296566e+00 4.59454177e-01
 1.68616334e-01 1.95291803e+00 4.59474703e-01
 1.71795003e-01 1.95287040e+00 4.59495229e-01
 1.74973570e-01 1.95282277e+00 4.59515753e-01
 1.78152034e-01 1.95277515e+00 4.59536277e-01
 1.81330396e-01 1.95272753e+00 4.59556799e-01
 1.84508656e-01 1.95267991e+00 4.59577321e-01
 1.87686812e-01 1.95263229e+00 4.59597842e-01
 1.90864867e-01 1.95258468e+00 4.59618362e-01
 1.94042819e-01 1.95253706e+00 4.59638881e-01
 1.97220668e-01 1.95248945e+00 4.59659400e-01
 2.00398415e-01 1.95244184e+00 4.59679917e-01
 2.03576060e-01 1.95239424e+00 4.59700434e-01
 2.06753602e-01 1.95234663e+00 4.59720949e-01
 2.09931042e-01 1.95229903e+00 4.59741464e-01
 2.13108379e-01 1.95225143e+00 4.59761978e-01
 2.16285614e-01 1.95220383e+00 4.59782491e-01
 2.19462746e-01 1.95215623e+00 4.59803003e-01
 2.22639776e-01 1.95210864e+00 4.59823514e-01
 2.25816704e-01 1.95206105e+00 4.59844024e-01
 2.28993529e-01 1.95201345e+00 4.59864534e-01
 2.32170252e-01 1.95196587e+00 4.59885042e-01
 2.35346873e-01 1.95191828e+00 4.59905550e-01
 2.38523391e-01 1.95187070e+00 4.59926057e-01
 2.41699807e-01 1.95182311e+00 4.59946563e-01
 2.44876120e-01 1.95177553e+00 4.59967068e-01
 2.48052331e-01 1.95172795e+00 4.59987572e-01
 2.51228440e-01 1.95168038e+00 4.60008075e-01
 2.54404446e-01 1.95163280e+00 4.60028577e-01
 2.57580350e-01 1.95158523e+00 4.60049079e-01
 2.60756152e-01 1.95153766e+00 4.60069579e-01
 2.63931851e-01 1.95149009e+00 4.60090079e-01
 2.67107448e-01 1.95144253e+00 4.60110578e-01
 2.70282943e-01 1.95139496e+00 4.60131076e-01
 2.73458336e-01 1.95134740e+00 4.60151573e-01
 2.76633626e-01 1.95129984e+00 4.60172069e-01
 2.79808814e-01 1.95125229e+00 4.60192564e-01
 2.82983899e-01 1.95120473e+00 4.60213058e-01
 2.86158883e-01 1.95115718e+00 4.60233552e-01
 2.89333764e-01 1.95110963e+00 4.60254044e-01
 2.92508542e-01 1.95106208e+00 4.60274536e-01
 2.95683219e-01 1.95101453e+00 4.60295027e-01
 2.98857793e-01 1.95096698e+00 4.60315517e-01
 3.02032265e-01 1.95091944e+00 4.60336006e-01
 3.05206635e-01 1.95087190e+00 4.60356494e-01
 3.08380903e-01 1.95082436e+00 4.60376981e-01
 3.11555068e-01 1.95077682e+00 4.60397467e-01
 3.14729132e-01 1.95072929e+00 4.60417953e-01
 3.17903093e-01 1.95068175e+00 4.60438437e-01
 3.21076951e-01 1.95063422e+00 4.60458921e-01
 3.24250708e-01 1.95058669e+00 4.60479404e-01
 3.27424362e-01 1.95053917e+00 4.60499886e-01
 3.30597915e-01 1.95049164e+00 4.60520367e-01
 3.33771365e-01 1.95044412e+00 4.60540847e-01
 3.36944713e-01 1.95039660e+00 4.60561326e-01
 3.37740125e-01 1.94271475e+00 4.69470903e-01
 3.40891120e-01 1.94266767e+00 4.69491102e-01
