 -2.04202775e-01 1.84100589e+00 4.35525252e-01
 -2.00957532e-01 1.84095035e+00 4.35550598e-01
 -1.96386484e-01 1.83426183e+00 4.44270582e-01
 -1.93163282e-01 1.83420678e+00 4.44295596e-01
 -1.89940204e-01 1.83415173e+00 4.44320608e-01
 -1.86717252e-01 1.83409668e+00 4.44345619e-01
 -1.84733223e-01 1.84067269e+00 4.35677312e-01
 -1.81488742e-01 1.84061717e+00 4.35702651e-01
 -1.78244388e-01 1.84056165e+00 4.35727988e-01
 -1.75000160e-01 1.84050613e+00 4.35753324e-01
 -1.71756060e-01 1.84045062e+00 4.35778659e-01
 -1.68512086e-01 1.84039510e+00 4.35803992e-01
 -1.65268239e-01 1.84033960e+00 4.35829324e-01
 -1.62024519e-01 1.84028409e+00 4.35854655e-01
 -1.58780926e-01 1.84022859e+00 4.35879985e-01
 -1.55537459e-01 1.84017309e+00 4.35905313e-01
 -1.52294120e-01 1.84011759e+00 4.35930639e-01
 -1.49050907e-01 1.84006210e+00 4.35955965e-01
 -1.45807821e-01 1.84000660e+00 4.35981289e-01
 -1.42564862e-01 1.83995112e+00 4.36006611e-01
 -1.39322029e-01 1.83989563e+00 4.36031933e-01
 -1.36079323e-01 1.83984015e+00 4.36057253e-01
 -1.32836744e-01 1.83978467e+00 4.36082572e-01
 -1.29594292e-01 1.83972919e+00 4.36107889e-01
 -1.26351966e-01 1.83967372e+00 4.36133205e-01
 -1.23109767e-01 1.83961825e+00 4.36158520e-01
 -1.19867695e-01 1.83956278e+00 4.36183833e-01
 -1.16625750e-01 1.83950731e+00 4.36209145e-01
 -1.13383931e-01 1.83945185e+00 4.36234456e-01
 -1.10142239e-01 1.83939639e+00 4.36259766e-01
 -1.06900673e-01 1.83934094e+00 4.36285074e-01
 -1.03659234e-01 1.83928548e+00 4.36310380e-01
 -1.00417922e-01 1.83923003e+00 4.36335686e-01
 -9.71767363e-02 1.83917459e+00 4.36360990e-01
 -9.39356773e-02 1.83911914e+00 4.36386293e-01
 -9.06947449e-02 1.83906370e+00 4.36411594e-01
 -8.74539391e-02 1.83900826e+00 4.36436894e-01
 -8.42132599e-02 1.83895282e+00 4.36462193e-01
 -8.09727073e-02 1.83889739e+00 4.36487490e-01
 -7.77322813e-02 1.83884196e+00 4.36512787e-01
 -7.44919818e-02 1.83878653e+00 4.36538081e-01
 -7.12518088e-02 1.83873111e+00 4.36563375e-01
 -6.80117624e-02 1.83867569e+00 4.36588667e-01
 -6.47718425e-02 1.83862027e+00 4.36613958e-01
 -6.15320491e-02 1.83856486e+00 4.36639247e-01
 -5.82923823e-02 1.83850944e+00 4.36664535e-01
 -5.50528419e-02 1.83845403e+00 4.36689822e-01
 -5.18134280e-02 1.83839863e+00 4.36715108e-01
 -4.85741406e-02 1.83834322e+00 4.36740392e-01
 -4.53349797e-02 1.83828782e+00 4.36765675e-01
 -4.20959452e-02 1.83823242e+00 4.36790956e-01
 -3.88570371e-02 1.83817703e+00 4.36816236e-01
 -3.56182555e-02 1.83812164e+00 4.36841515e-01
 -3.23796004e-02 1.83806625e+00 4.36866793e-01
 -2.91410716e-02 1.83801086e+00 4.36892069e-01
 -2.59026693e-02 1.83795548e+00 4.36917344e-01
 -2.26643933e-02 1.83790010e+00 4.36942617e-01
 -1.94262438e-02 1.83784472e+00 4.36967889e-01
 -1.61882206e-02 1.83778935e+00 4.36993160e-01
 -1.29503238e-02 1.83773397e+00 4.37018430e-01
 -9.71255332e-03 1.83767860e+00 4.37043698e-01
 -6.47490921e-03 1.83762324e+00 4.37068965e-01
 -3.23739144e-03 1.83756788e+00 4.37094230e-01
 0.00000000e+00 1.83751252e+00 4.37119495e-01
 3.23726513e-03 1.83745716e+00 4.37144757e-01
 6.47440394e-03 1.83740180e+00 4.37170019e-01
 9.71141646e-03 1.83734645e+00 4.37195279e-01
 1.29483027e-02 1.83729110e+00 4.37220538e-01
 1.61850626e-02 1.83723576e+00 4.37245796e-01
 1.94216963e-02 1.83718042e+00 4.37271052e-01
 2.26582038e-02 1.83712508e+00 4.37296307e-01
 2.58945849e-02 1.83706974e+00 4.37321561e-01
 2.91308399e-02 1.83701441e+00 4.37346813e-01
 3.23669686e-02 1.83695907e+00 4.37372064e-01
 3.56029711e-02 1.83690375e+00 4.37397313e-01
 3.88388474e-02 1.83684842e+00 4.37422562e-01
 4.20745975e-02 1.83679310e+00 4.37447809e-01
 4.53102214e-02 1.83673778e+00 4.37473054e-01
 4.85457191e-02 1.83668246e+00 4.37498299e-01
 5.17810906e-02 1.83662715e+00 4.37523542e-01
 5.50163360e-02 1.83657184e+00 4.37548783e-01
 5.82514553e-02 1.83651653e+00 4.37574024e-01
 6.14864484e-02 1.83646123e+00 4.37599263e-01
 6.47213154e-02 1.83640592e+00 4.37624501e-01
 6.79560562e-02 1.83635062e+00 4.37649737e-01
 7.11906710e-02 1.83629533e+00 4.37674972e-01
 7.44251596e-02 1.83624004e+00 4.37700206e-01
 7.76595222e-02 1.83618474e+00 4.37725438e-01
 8.08937587e-02 1.83612946e+00 4.37750669e-01
 8.41278691e-02 1.83607417e+00 4.37775899e-01
 8.73618534e-02 1.83601889e+00 4.37801127e-01
 9.05957117e-02 1.83596361e+00 4.37826354e-01
 9.38294440e-02 1.83590834e+00 4.37851580e-01
 9.70630502e-02 1.83585306e+00 4.37876805e-01
 1.00296530e-01 1.83579779e+00 4.37902028e-01
 1.03529885e-01 1.83574253e+00 4.37927250e-01
 1.06763113e-01 1.83568726e+00 4.37952470e-01
 1.09996215e-01 1.83563200e+00 4.37977689e-01
 1.13229191e-01 1.83557674e+00 4.38002907e-01
 1.16462042e-01 1.83552149e+00 4.38028124e-01
 1.19694766e-01 1.83546623e+00 4.38053339e-01
 1.22927364e-01 1.83541098e+00 4.38078553e-01
 1.26159837e-01 1.83535574e+00 4.38103765e-01
 1.29392183e-01 1.83530049e+00 4.38128976e-01
 1.32624404e-01 1.83524525e+00 4.38154186e-01
 1.35856498e-01 1.83519001e+00 4.38179395e-01
 1.39088467e-01 1.83513478e+00 4.38204602e-01
 1.42320310e-01 1.83507955e+00 4.38229808e-01
 1.45552027e-01 1.83502432e+00 4.38255013e-01
 1.48783618e-01 1.83496909e+00 4.38280216e-01
 1.52015083e-01 1.83491387e+00 4.38305418e-01
 1.55246423e-01 1.83485865e+00 4.38330618e-01
 1.58477636e-01 1.83480343e+00 4.38355818e-01
 1.61708724e-01 1.83474821e+00 4.38381016e-01
 1.64939686e-01 1.83469300e+00 4.38406212e-01
 1.68170522e-01 1.83463779e+00 4.38431408e-01
 1.71401232e-01 1.83458259e+00 4.38456602e-01
 1.74631817e-01 1.83452738e+00 4.38481794e-01
 1.77862275e-01 1.83447218e+00 4.38506986e-01
 1.81092608e-01 1.83441698e+00 4.38532176e-01
 1.84322816e-01 1.83436179e+00 4.38557365e-01
 1.87552897e-01 1.83430660e+00 4.38582552e-01
 1.90782853e-01 1.83425141e+00 4.38607738e-01
 1.94012683e-01 1.83419622e+00 4.38632923e-01
 1.97242387e-01 1.83414104e+00 4.38658106e-01
 2.00471965e-01 1.83408586e+00 4.38683288e-01
 2.03701418e-01 1.83403068e+00 4.38708469e-01
 2.06930745e-01 1.83397551e+00 4.38733649e-01
 2.10159947e-01 1.83392034e+00 4.38758827e-01
 2.13389023e-01 1.83386517e+00 4.38784004e-01
 2.16617973e-01 1.83381000e+00 4.38809179e-01
 2.19846797e-01 1.83375484e+00 4.38834354e-01
 2.23075496e-01 1.83369968e+00 4.38859526e-01
 2.26304069e-01 1.83364452e+00 4.38884698e-01
 2.29532517e-01 1.83358937e+00 4.38909868e-01
 2.32760839e-01 1.83353422e+00 4.38935037e-01
 2.35989035e-01 1.83347907e+00 4.38960205e-01
 2.39217106e-01 1.83342392e+00 4.38985371e-01
 2.42445051e-01 1.83336878e+00 4.39010536e-01
 2.45672871e-01 1.83331364e+00 4.39035700e-01
 2.48900565e-01 1.83325850e+00 4.39060862e-01
 2.52128133e-01 1.83320337e+00 4.39086023e-01
 2.55355576e-01 1.83314824e+00 4.39111183e-01
 2.58582893e-01 1.83309311e+00 4.39136341e-01
 2.61810085e-01 1.83303798e+00 4.39161498e-01
 2.65037152e-01 1.83298286e+00 4.39186654e-01
 2.68264092e-01 1.83292774e+00 4.39211808e-01
 2.71490908e-01 1.83287263e+00 4.39236961e-01
 2.74717598e-01 1.83281751e+00 4.39262113e-01
 2.77944162e-01 1.83276240e+00 4.39287264e-01
 2.81170601e-01 1.83270729e+00 4.39312413e-01
 2.86315254e-01 1.83926988e+00 4.30617836e-01
 2.89563167e-01 1.83921429e+00 4.30643314e-01
 2.92810954e-01 1.83915871e+00 4.30668791e-01
 2.96058613e-01 1.83910313e+00 4.30694267e-01
 2.97300914e-01 1.83243180e+00 4.39438139e-01
 3.00526600e-01 1.83237671e+00 4.39463280e-01
 3.03752161e-01 1.83232162e+00 4.39488420e-01
 3.06977597e-01 1.83226653e+00 4.39513558e-01
 3.10202907e-01 1.83221145e+00 4.39538696e-01
 3.13428092e-01 1.83215637e+00 4.39563832e-01
 3.18788671e-01 1.83871416e+00 4.30872559e-01
 3.22035314e-01 1.83865861e+00 4.30898024e-01
 3.23102894e-01 1.83199115e+00 4.39639232e-01
 3.28528219e-01 1.83854750e+00 4.30948950e-01
 3.31774481e-01 1.83849196e+00 4.30974411e-01
 3.35020616e-01 1.83843641e+00 4.30999870e-01
 3.38266624e-01 1.83838087e+00 4.31025329e-01
 3.41512506e-01 1.83832533e+00 4.31050786e-01
 3.44758260e-01 1.83826980e+00 4.31076241e-01
 3.50354768e-01 1.84487961e+00 4.22313358e-01
 3.53622148e-01 1.84482359e+00 4.22339148e-01
 3.56889400e-01 1.84476758e+00 4.22364936e-01
 3.60156523e-01 1.84471157e+00 4.22390722e-01
 3.63423518e-01 1.84465556e+00 4.22416508e-01
 3.66690385e-01 1.84459956e+00 4.22442291e-01
 3.67474987e-01 1.83788114e+00 4.31254393e-01
 3.70719726e-01 1.83782562e+00 4.31279837e-01
