 -1.38773255e+01 -3.43321732e+00 2.60782295e+01
 -1.37797391e+01 -3.47297043e+00 2.62568065e+01
 -1.37473493e+01 -3.43171649e+00 2.60764191e+01
 -1.36823588e+01 -3.43096605e+00 2.60755138e+01
 -1.36173668e+01 -3.43021560e+00 2.60746086e+01
 -1.35844725e+01 -3.38881300e+00 2.58935747e+01
 -1.35193236e+01 -3.38806110e+00 2.58926661e+01
 -1.34541732e+01 -3.38730918e+00 2.58917575e+01
 -1.33258567e+01 -3.46772709e+00 2.62504923e+01
 -1.32610102e+01 -3.46697799e+00 2.62495903e+01
 -1.31961621e+01 -3.46622887e+00 2.62486882e+01
 -1.31623795e+01 -3.42496205e+00 2.60682713e+01
 -1.30973751e+01 -3.42421149e+00 2.60673659e+01
 -1.29709562e+01 -3.50435972e+00 2.64248729e+01
 -1.28153942e+01 -3.62390498e+00 2.69569087e+01
 -1.27212211e+01 -3.66298090e+00 2.71324290e+01
 -1.25978834e+01 -3.74146547e+00 2.74825298e+01
 -1.25340825e+01 -3.74072601e+00 2.74816500e+01
 -1.24702801e+01 -3.73998654e+00 2.74807701e+01
 -1.23774581e+01 -3.77865849e+00 2.76544802e+01
 -1.23426708e+01 -3.73850756e+00 2.74790104e+01
 -1.22788638e+01 -3.73776805e+00 2.74781305e+01
 -1.22437257e+01 -3.69747582e+00 2.73020436e+01
 -1.21797662e+01 -3.69673491e+00 2.73011605e+01
 -1.22015141e+01 -3.57649728e+00 2.67709596e+01
 -1.21085813e+01 -3.61572492e+00 2.69471256e+01
 -1.20160483e+01 -3.65481596e+00 2.71226807e+01
 -1.18959907e+01 -3.73333071e+00 2.74728508e+01
 -1.18321732e+01 -3.73259111e+00 2.74719708e+01
 -1.17683543e+01 -3.73185149e+00 2.74710907e+01
 -1.16771557e+01 -3.77053836e+00 2.76448352e+01
 -1.16134828e+01 -3.76980009e+00 2.76439582e+01
 -1.16040625e+01 -3.69006609e+00 2.72932121e+01
 -1.15400878e+01 -3.68932504e+00 2.72923288e+01
 -1.15030802e+01 -3.64887680e+00 2.71155898e+01
 -1.14389524e+01 -3.64813434e+00 2.71147033e+01
 -1.13748230e+01 -3.64739187e+00 2.71138169e+01
 -1.12577483e+01 -3.72593408e+00 2.74640500e+01
 -1.11939158e+01 -3.72519434e+00 2.74631698e+01
 -1.11300818e+01 -3.72445459e+00 2.74622897e+01
 -1.10145625e+01 -3.80245867e+00 2.78101163e+01
 -1.09510233e+01 -3.80172163e+00 2.78092423e+01
 -1.08874826e+01 -3.80098458e+00 2.78083683e+01
 -1.08239404e+01 -3.80024751e+00 2.78074944e+01
 -1.07102528e+01 -3.87772169e+00 2.81529454e+01
 -1.05728730e+01 -3.99330134e+00 2.86671158e+01
 -1.04856670e+01 -4.03107790e+00 2.88367628e+01
 -1.04230002e+01 -4.03034885e+00 2.88359071e+01
 -1.03844359e+01 -3.99111020e+00 2.86645397e+01
 -1.03216205e+01 -3.99037979e+00 2.86636810e+01
 -1.02588038e+01 -3.98964937e+00 2.86628223e+01
 -1.01723187e+01 -4.02743252e+00 2.88324843e+01
 -1.01096446e+01 -4.02670340e+00 2.88316286e+01
 -1.00703446e+01 -3.98745803e+00 2.86602460e+01
 -9.93807057e+00 -4.10188558e+00 2.91692294e+01
 -9.92161366e+00 -4.02451598e+00 2.88290613e+01
 -9.85893375e+00 -4.02378681e+00 2.88282055e+01
 -9.81904508e+00 -3.98453606e+00 2.86568107e+01
 -9.75621654e+00 -3.98380554e+00 2.86559518e+01
 -9.69338652e+00 -3.98307500e+00 2.86550930e+01
 -9.63055504e+00 -3.98234445e+00 2.86542341e+01
 -9.56772208e+00 -3.98161388e+00 2.86533752e+01
 -9.50488766e+00 -3.98088330e+00 2.86525162e+01
 -9.42013337e+00 -4.01868227e+00 2.88222145e+01
 -9.42298477e+00 -3.90196207e+00 2.83079151e+01
 -9.35985295e+00 -3.90122878e+00 2.83070500e+01
 -9.29671965e+00 -3.90049547e+00 2.83061849e+01
 -9.21210230e+00 -3.93856280e+00 2.84770655e+01
 -9.14911280e+00 -3.93783080e+00 2.84762034e+01
 -9.06500554e+00 -3.97576890e+00 2.86465034e+01
 -8.91899442e+00 -4.12840514e+00 2.93244674e+01
 -8.85672688e+00 -4.12767974e+00 2.93236203e+01
 -8.81485400e+00 -4.08880643e+00 2.91539312e+01
 -8.73218744e+00 -4.12622890e+00 2.93219262e+01
 -8.64987649e+00 -4.16352409e+00 2.94893524e+01
 -8.60764221e+00 -4.12477800e+00 2.93202321e+01
 -8.54536742e+00 -4.12405254e+00 2.93193850e+01
 -8.50276577e+00 -4.08517259e+00 2.91496808e+01
 -8.44034376e+00 -4.08444579e+00 2.91488307e+01
 -8.37792029e+00 -4.08371897e+00 2.91479805e+01
 -8.25796674e+00 -4.19707827e+00 2.96520064e+01
 -8.17706870e+00 -4.23412728e+00 2.98183180e+01
 -8.11521530e+00 -4.23340565e+00 2.98174797e+01
 -8.05336047e+00 -4.23268401e+00 2.98166413e+01
 -8.00997875e+00 -4.19418653e+00 2.96486413e+01
 -7.91137693e+00 -4.26888983e+00 2.99815629e+01
 -7.84966020e+00 -4.26816944e+00 2.99807274e+01
 -7.80592677e+00 -4.22979731e+00 2.98132878e+01
 -7.72622245e+00 -4.26672863e+00 2.99790564e+01
 -7.66450143e+00 -4.26600821e+00 2.99782209e+01
 -7.60277898e+00 -4.26528777e+00 2.99773854e+01
 -7.54105510e+00 -4.26456732e+00 2.99765498e+01
 -7.47932979e+00 -4.26384685e+00 2.99757143e+01
 -7.41760306e+00 -4.26312638e+00 2.99748787e+01
 -7.35587489e+00 -4.26240589e+00 2.99740431e+01
 -7.29414529e+00 -4.26168539e+00 2.99732075e+01
 -7.26587653e+00 -4.18551008e+00 2.96385445e+01
 -7.18724208e+00 -4.22257967e+00 2.98049029e+01
 -7.10894791e+00 -4.25952381e+00 2.99707006e+01
 -7.04721258e+00 -4.25880325e+00 2.99698650e+01
 -6.98547583e+00 -4.25808269e+00 2.99690293e+01
 -6.92373765e+00 -4.25736211e+00 2.99681936e+01
 -6.87784591e+00 -4.21897037e+00 2.98007098e+01
 -6.83172113e+00 -4.18044796e+00 2.96326537e+01
 -6.72300430e+00 -4.29274661e+00 3.01317767e+01
 -6.67677062e+00 -4.25447967e+00 2.99648507e+01
 -6.61502528e+00 -4.25375903e+00 2.99640149e+01
 -6.58360063e+00 -4.17755504e+00 2.96292872e+01
 -6.52156690e+00 -4.17683178e+00 2.96284455e+01
 -6.42978069e+00 -4.25159703e+00 2.99615076e+01
 -6.35337164e+00 -4.28843038e+00 3.01267794e+01
 -6.27729429e+00 -4.32513948e+00 3.02914962e+01
 -6.20154697e+00 -4.36172494e+00 3.04556606e+01
 -6.14021638e+00 -4.36100806e+00 3.04548334e+01
 -6.07888437e+00 -4.36029117e+00 3.04540062e+01
 -6.01755095e+00 -4.35957427e+00 3.04531790e+01
 -5.94254969e+00 -4.39604051e+00 3.06168024e+01
 -5.89487986e+00 -4.35814042e+00 3.04515246e+01
 -5.83354219e+00 -4.35742348e+00 3.04506973e+01
 -5.75895866e+00 -4.39389350e+00 3.06143293e+01
 -5.71086261e+00 -4.35598956e+00 3.04490428e+01
 -5.68867355e+00 -4.24294788e+00 2.99514767e+01
 -5.61395233e+00 -4.27979655e+00 3.01167834e+01
 -5.55232478e+00 -4.27907699e+00 3.01159503e+01
 -5.50336456e+00 -4.24078531e+00 2.99489687e+01
 -5.46677308e+00 -4.16453437e+00 2.96141350e+01
 -5.39224462e+00 -4.20164130e+00 2.97805783e+01
 -5.31804269e+00 -4.23862262e+00 2.99464605e+01
 -5.25626587e+00 -4.23790170e+00 2.99456244e+01
 -5.19448762e+00 -4.23718076e+00 2.99447883e+01
 -5.10911599e+00 -4.31149257e+00 3.02757229e+01
 -5.05925305e+00 -4.27331999e+00 3.01092849e+01
 -5.00914428e+00 -4.23501789e+00 2.99422799e+01
 -4.94736030e+00 -4.23429690e+00 2.99414438e+01
 -4.88557489e+00 -4.23357590e+00 2.99406076e+01
 -4.82378805e+00 -4.23285489e+00 2.99397714e+01
 -4.77299991e+00 -4.19441869e+00 2.97721876e+01
 -4.70021007e+00 -4.23141283e+00 2.99380990e+01
 -4.63841894e+00 -4.23069178e+00 2.99372627e+01
 -4.57662637e+00 -4.22997072e+00 2.99364265e+01
 -4.51483237e+00 -4.22924965e+00 2.99355902e+01
 -4.45303693e+00 -4.22852856e+00 2.99347539e+01
 -4.39124007e+00 -4.22780746e+00 2.99339176e+01
 -4.32944177e+00 -4.22708635e+00 2.99330813e+01
 -4.26764204e+00 -4.22636522e+00 2.99322450e+01
 -4.20584088e+00 -4.22564409e+00 2.99314087e+01
 -4.14403829e+00 -4.22492294e+00 2.99305723e+01
 -4.07283566e+00 -4.26180355e+00 3.00959515e+01
 -4.02042880e+00 -4.22348060e+00 2.99288996e+01
 -3.94950780e+00 -4.26036377e+00 3.00942845e+01
 -3.87890017e+00 -4.29712247e+00 3.02591138e+01
 -3.82617423e+00 -4.25892393e+00 3.00926175e+01
 -3.77319265e+00 -4.22059577e+00 2.99255539e+01
 -3.70283495e+00 -4.25748405e+00 3.00909504e+01
 -3.64116317e+00 -4.25676409e+00 3.00901169e+01
 -3.57948996e+00 -4.25604411e+00 3.00892833e+01
 -3.51781532e+00 -4.25532413e+00 3.00884497e+01
 -3.46411523e+00 -4.21698944e+00 2.99213715e+01
 -3.39446177e+00 -4.25388411e+00 3.00867825e+01
 -3.34047423e+00 -4.21554682e+00 2.99196984e+01
 -3.27110250e+00 -4.25244405e+00 3.00851152e+01
 -3.20942072e+00 -4.25172400e+00 3.00842816e+01
 -3.14773752e+00 -4.25100394e+00 3.00834479e+01
 -3.07895480e+00 -4.28777920e+00 3.02483147e+01
 -3.02436683e+00 -4.24956378e+00 3.00817805e+01
 -2.96951685e+00 -4.21121866e+00 2.99146788e+01
 -2.90768560e+00 -4.21049725e+00 2.99138421e+01
 -2.84585292e+00 -4.20977583e+00 2.99130055e+01
 -2.79045108e+00 -4.17129773e+00 2.97453274e+01
 -2.72847270e+00 -4.17057499e+00 2.97444878e+01
 -2.66649289e+00 -4.16985224e+00 2.97436481e+01
 -2.61658054e+00 -4.09322236e+00 2.94074026e+01
 -2.56023174e+00 -4.05434779e+00 2.92379925e+01
 -2.49203942e+00 -4.09177157e+00 2.94057114e+01
 -2.43539910e+00 -4.05289434e+00 2.92362953e+01
 -2.36749251e+00 -4.09032072e+00 2.94040202e+01
 -2.31056063e+00 -4.05144085e+00 2.92345981e+01
 -2.25335642e+00 -4.01242787e+00 2.90645937e+01
 -2.19587846e+00 -3.97328110e+00 2.88940039e+01
 -2.13316397e+00 -3.97255166e+00 2.88931492e+01
 -2.06086627e+00 -4.04853369e+00 2.92312035e+01
 -1.99843904e+00 -4.04780687e+00 2.92303548e+01
 -1.93601036e+00 -4.04708004e+00 2.92295061e+01
 -1.87792835e+00 -4.00805906e+00 2.90594836e+01
 -1.81114864e+00 -4.04562633e+00 2.92278086e+01
 -1.74871560e+00 -4.04489946e+00 2.92269599e+01
 -1.68628111e+00 -4.04417258e+00 2.92261111e+01
 -1.62384516e+00 -4.04344568e+00 2.92252624e+01
 -1.56140775e+00 -4.04271877e+00 2.92244136e+01
 -1.49550189e+00 -4.08016337e+00 2.93921799e+01
 -1.43320597e+00 -4.07943775e+00 2.93913340e+01
 -1.37090861e+00 -4.07871211e+00 2.93904882e+01
 -1.31164360e+00 -4.03981100e+00 2.92210182e+01
 -1.24919893e+00 -4.03908402e+00 2.92201694e+01
 -1.18675280e+00 -4.03835703e+00 2.92193205e+01
 -1.12430522e+00 -4.03763003e+00 2.92184716e+01
 -1.06185618e+00 -4.03690302e+00 2.92176226e+01
 -9.99405689e-01 -4.03617599e+00 2.92167737e+01
 -9.39128381e-01 -3.99713502e+00 2.90467061e+01
 -8.76530041e-01 -3.99640664e+00 2.90458542e+01
 -8.17719151e-01 -3.91865066e+00 2.87048108e+01
 -7.56584275e-01 -3.87920588e+00 2.85329771e+01
 -6.90326574e-01 -3.95577096e+00 2.88734879e+01
 -6.29036785e-01 -3.91645745e+00 2.87022367e+01
 -5.66139723e-01 -3.91572635e+00 2.87013787e+01
 -5.04413124e-01 -3.87627617e+00 2.85295327e+01
 -4.40341188e-01 -3.91426412e+00 2.86996625e+01
 -3.77439715e-01 -3.91353298e+00 2.86988044e+01
 -3.14536771e-01 -3.91280183e+00 2.86979463e+01
 -2.51632358e-01 -3.91207067e+00 2.86970881e+01
 -1.88726474e-01 -3.91133950e+00 2.86962300e+01
 -1.25819120e-01 -3.91060831e+00 2.86953718e+01
 -6.29102952e-02 -3.90987711e+00 2.86945136e+01
 0.00000000e+00 -3.90914589e+00 2.86936554e+01
 6.29117657e-02 -3.90841466e+00 2.86927972e+01
 1.25825002e-01 -3.90768342e+00 2.86919390e+01
 1.88739709e-01 -3.90695217e+00 2.86910807e+01
 2.51655886e-01 -3.90622090e+00 2.86902225e+01
 3.15306162e-01 -3.86675316e+00 2.85183368e+01
 3.78371822e-01 -3.86602053e+00 2.85174754e+01
 4.41438958e-01 -3.86528788e+00 2.85166141e+01
 5.03335303e-01 -3.90329571e+00 2.86867893e+01
 5.64944529e-01 -3.94117345e+00 2.88563845e+01
 6.26268102e-01 -3.97892179e+00 2.90254027e+01
 6.90503880e-01 -3.93971342e+00 2.88546738e+01
 7.51539248e-01 -3.97746438e+00 2.90236980e+01
 8.14177012e-01 -3.97673566e+00 2.90228457e+01
 8.80898555e-01 -3.89890752e+00 2.86816390e+01
 9.43830912e-01 -3.89817611e+00 2.86807806e+01
 1.00676474e+00 -3.89744469e+00 2.86799221e+01
 1.07219151e+00 -3.85796072e+00 2.85079998e+01
 1.13527488e+00 -3.85722793e+00 2.85071382e+01
 1.19279992e+00 -3.93387275e+00 2.88478305e+01
 1.26144606e+00 -3.85576232e+00 2.85054152e+01
 1.32762237e+00 -3.81613811e+00 2.83328883e+01
 1.39085878e+00 -3.81540392e+00 2.83320236e+01
 1.45409668e+00 -3.81466972e+00 2.83311590e+01
 1.51733605e+00 -3.81393551e+00 2.83302943e+01
 1.58057691e+00 -3.81320129e+00 2.83294296e+01
 1.63238591e+00 -3.92876148e+00 2.88418418e+01
 1.69125910e+00 -3.96653216e+00 2.90109110e+01
 1.75391878e+00 -3.96580324e+00 2.90100584e+01
 1.82080191e+00 -3.92657074e+00 2.88392750e+01
 1.87924252e+00 -3.96434537e+00 2.90083531e+01
 1.94190658e+00 -3.96361641e+00 2.90075005e+01
 2.00457210e+00 -3.96288744e+00 2.90066479e+01
 2.06723909e+00 -3.96215846e+00 2.90057952e+01
 2.12990753e+00 -3.96142946e+00 2.90049425e+01
 2.18749879e+00 -3.99908046e+00 2.91734582e+01
 2.25524881e+00 -3.95997143e+00 2.90032371e+01
 2.30720186e+00 -4.03587685e+00 2.93405557e+01
 2.37508168e+00 -3.99689733e+00 2.91709090e+01
 2.43197206e+00 -4.03442402e+00 2.93388621e+01
 2.49435933e+00 -4.03369758e+00 2.93380153e+01
 2.55083863e+00 -4.07109798e+00 2.95054028e+01
 2.61308457e+00 -4.07037283e+00 2.95045589e+01
 2.65686414e+00 -4.18326129e+00 3.00050170e+01
 2.72496100e+00 -4.14479599e+00 2.98376452e+01
 2.78050361e+00 -4.18181874e+00 3.00033468e+01
 2.84888892e+00 -4.14335082e+00 2.98359692e+01
 2.90414880e+00 -4.18037613e+00 3.00016766e+01
 2.96597355e+00 -4.17965481e+00 3.00008415e+01
 3.03479157e+00 -4.14118297e+00 2.98334550e+01
 3.10392090e+00 -4.10258023e+00 2.96654967e+01
 3.17336313e+00 -4.06384592e+00 2.94969635e+01
 3.22815267e+00 -4.10113230e+00 2.96638146e+01
 3.27511874e+00 -4.17604801e+00 2.99966656e+01
 3.32927215e+00 -4.21295594e+00 3.01618331e+01
 3.40663565e+00 -4.13684692e+00 2.98284263e+01
 3.46861470e+00 -4.13612420e+00 2.98275881e+01
 3.53059518e+00 -4.13540147e+00 2.98267499e+01
 3.58429972e+00 -4.17244090e+00 2.99924894e+01
 3.63774846e+00 -4.20935521e+00 3.01576714e+01
 3.70798214e+00 -4.17099796e+00 2.99908188e+01
 3.76982550e+00 -4.17027647e+00 2.99899834e+01
 3.83167029e+00 -4.16955497e+00 2.99891481e+01
 3.89351651e+00 -4.16883346e+00 2.99883128e+01
 3.95536416e+00 -4.16811194e+00 2.99874774e+01
 4.00796712e+00 -4.20503392e+00 3.01526768e+01
 4.06967522e+00 -4.20431366e+00 3.01518443e+01
 4.12188597e+00 -4.24111241e+00 3.03164919e+01
 4.19309571e+00 -4.20287311e+00 3.01501793e+01
 4.27447303e+00 -4.12672769e+00 2.98166905e+01
 4.34649819e+00 -4.08809866e+00 2.96486731e+01
 4.39847280e+00 -4.12528188e+00 2.98150137e+01
 4.48113558e+00 -4.04861241e+00 2.94792362e+01
 4.54342638e+00 -4.04788687e+00 2.94783919e+01
 4.59508288e+00 -4.08520173e+00 2.96453076e+01
 4.64648958e+00 -4.12239010e+00 2.98116600e+01
 4.70849736e+00 -4.12166713e+00 2.98108215e+01
 4.78153654e+00 -4.08302889e+00 2.96427834e+01
 4.84369065e+00 -4.08230459e+00 2.96419420e+01
 4.90584620e+00 -4.08158027e+00 2.96411005e+01
 4.96800319e+00 -4.08085595e+00 2.96402590e+01
 5.01855787e+00 -4.11805206e+00 2.98066290e+01
 5.08057429e+00 -4.11732901e+00 2.98057904e+01
 5.11893141e+00 -4.19206731e+00 3.01376898e+01
 5.18066522e+00 -4.19134682e+00 3.01368571e+01
 5.24240045e+00 -4.19062632e+00 3.01360243e+01
 5.30413710e+00 -4.18990580e+00 3.01351915e+01
 5.36587519e+00 -4.18918528e+00 3.01343587e+01
 5.42761470e+00 -4.18846474e+00 3.01335259e+01
 5.48935565e+00 -4.18774419e+00 3.01326931e+01
 5.55109802e+00 -4.18702362e+00 3.01318603e+01
 5.58707180e+00 -4.26127625e+00 3.04615687e+01
 5.64853339e+00 -4.26055823e+00 3.04607416e+01
 5.72314281e+00 -4.22241432e+00 3.02949171e+01
 5.78474882e+00 -4.22169499e+00 3.02940871e+01
 5.84635626e+00 -4.22097565e+00 3.02932571e+01
 5.90796512e+00 -4.22025630e+00 3.02924271e+01
 5.96957540e+00 -4.21953693e+00 3.02915970e+01
 6.03118711e+00 -4.21881755e+00 3.02907670e+01
 6.07880419e+00 -4.25553173e+00 3.04549516e+01
 6.16860028e+00 -4.17981728e+00 3.01235311e+01
 6.20175147e+00 -4.25409547e+00 3.04532972e+01
 6.26322724e+00 -4.25337732e+00 3.04524699e+01
 6.35387881e+00 -4.17765513e+00 3.01210321e+01
 6.40088724e+00 -4.21450101e+00 3.02857863e+01
 6.46250891e+00 -4.21378154e+00 3.02849562e+01
 6.53917020e+00 -4.17549287e+00 3.01185329e+01
 6.57062737e+00 -4.24978640e+00 3.04483336e+01
 6.63211165e+00 -4.24906817e+00 3.04475063e+01
 6.69359735e+00 -4.24834994e+00 3.04466789e+01
 6.75508447e+00 -4.24763169e+00 3.04458516e+01
 6.81657301e+00 -4.24691343e+00 3.04450242e+01
 6.87806297e+00 -4.24619515e+00 3.04441969e+01
 6.93955434e+00 -4.24547687e+00 3.04433695e+01
 7.00104714e+00 -4.24475857e+00 3.04425421e+01
 7.06254135e+00 -4.24404025e+00 3.04417147e+01
 7.12403699e+00 -4.24332193e+00 3.04408872e+01
 7.18553404e+00 -4.24260359e+00 3.04400598e+01
 7.24703252e+00 -4.24188524e+00 3.04392323e+01
 7.30853241e+00 -4.24116688e+00 3.04384048e+01
 7.37003372e+00 -4.24044851e+00 3.04375773e+01
 7.43153645e+00 -4.23973012e+00 3.04367498e+01
 7.49304060e+00 -4.23901172e+00 3.04359223e+01
 7.53720840e+00 -4.27563155e+00 3.05996231e+01
 7.61605316e+00 -4.23757488e+00 3.04342672e+01
 7.67756157e+00 -4.23685644e+00 3.04334397e+01
 7.73907140e+00 -4.23613799e+00 3.04326121e+01
 7.80058265e+00 -4.23541953e+00 3.04317845e+01
 7.89836672e+00 -4.15963276e+00 3.01002016e+01
 7.99696843e+00 -4.08333115e+00 2.97663614e+01
 8.05905390e+00 -4.08260749e+00 2.97655222e+01
 8.12114082e+00 -4.08188381e+00 2.97646829e+01
 8.16436652e+00 -4.11901833e+00 2.99306379e+01
 8.22631309e+00 -4.11829592e+00 2.99298015e+01
 8.28826109e+00 -4.11757350e+00 2.99289651e+01
 8.35021052e+00 -4.11685107e+00 2.99281287e+01
 8.41216139e+00 -4.11612863e+00 2.99272923e+01
 8.47411369e+00 -4.11540618e+00 2.99264558e+01
 8.51641204e+00 -4.15242159e+00 3.00918669e+01
 8.59802261e+00 -4.11396123e+00 2.99247829e+01
 8.64003826e+00 -4.15097920e+00 3.00901997e+01
 8.72193726e+00 -4.11251622e+00 2.99231099e+01
 8.80419195e+00 -4.07392250e+00 2.97554498e+01
 8.86629614e+00 -4.07319867e+00 2.97546103e+01
 8.94905356e+00 -4.03447222e+00 2.95863740e+01
 9.01130442e+00 -4.03374705e+00 2.95855315e+01
 9.05261738e+00 -4.07102710e+00 2.97520918e+01
 9.13581047e+00 -4.03229669e+00 2.95838466e+01
 9.17683873e+00 -4.06957932e+00 2.97504128e+01
 9.23895157e+00 -4.06885541e+00 2.97495732e+01
 9.32258039e+00 -4.03012105e+00 2.95813191e+01
 9.38483992e+00 -4.02939581e+00 2.95804766e+01
 9.44710090e+00 -4.02867055e+00 2.95796340e+01
 9.50936332e+00 -4.02794529e+00 2.95787915e+01
 9.57162719e+00 -4.02722001e+00 2.95779489e+01
 9.58950058e+00 -4.10239979e+00 2.99113973e+01
 9.65148015e+00 -4.10167709e+00 2.99105606e+01
 9.71346116e+00 -4.10095438e+00 2.99097238e+01
 9.77544361e+00 -4.10023166e+00 2.99088871e+01
 9.86015920e+00 -4.06161561e+00 2.97411769e+01
 9.89941281e+00 -4.09878617e+00 2.99072135e+01
 9.96139956e+00 -4.09806341e+00 2.99063767e+01
 1.00233878e+01 -4.09734063e+00 2.99055399e+01
 1.00390032e+01 -4.17203075e+00 3.02367821e+01
 1.01239992e+01 -4.13366659e+00 3.00701896e+01
 1.02093609e+01 -4.09517223e+00 2.99030294e+01
 1.02950903e+01 -4.05654700e+00 2.97352985e+01
 1.03572290e+01 -4.05582286e+00 2.97344587e+01
 1.03953470e+01 -4.09300372e+00 2.99005187e+01
 1.05300892e+01 -3.97817443e+00 2.93972673e+01
 1.06664480e+01 -3.86216483e+00 2.88888359e+01
 1.07293171e+01 -3.86143405e+00 2.88879811e+01
 1.07671691e+01 -3.89926490e+00 2.90569061e+01
 1.08550596e+01 -3.85997245e+00 2.88862716e+01
 1.09688146e+01 -3.78171542e+00 2.85440947e+01
 1.10577025e+01 -3.74201728e+00 2.83716884e+01
 1.11469759e+01 -3.70218205e+00 2.81986844e+01
 1.11583238e+01 -3.77951486e+00 2.85415120e+01
 1.12739106e+01 -3.70070958e+00 2.81969503e+01
 1.13373801e+01 -3.69997332e+00 2.81960832e+01
 1.14008511e+01 -3.69923706e+00 2.81952162e+01
 1.14110233e+01 -3.77658060e+00 2.85380682e+01
 1.15009537e+01 -3.73687295e+00 2.83656404e+01
 1.15912732e+01 -3.69702817e+00 2.81926148e+01
 1.16547502e+01 -3.69629185e+00 2.81917476e+01
 1.16909407e+01 -3.73466804e+00 2.83630482e+01
 1.17269310e+01 -3.77291248e+00 2.85337630e+01
 1.18451901e+01 -3.69408280e+00 2.81891461e+01
 1.18809411e+01 -3.73246301e+00 2.83604558e+01
 1.19442775e+01 -3.73172798e+00 2.83595916e+01
 1.19796838e+01 -3.76997775e+00 2.85303186e+01
 1.20428756e+01 -3.76924404e+00 2.85294575e+01
 1.21342956e+01 -3.72952279e+00 2.83569990e+01
 1.22261100e+01 -3.68966435e+00 2.81839426e+01
 1.22896019e+01 -3.68892790e+00 2.81830753e+01
 1.22670871e+01 -3.80516680e+00 2.86970304e+01
 1.23301393e+01 -3.80443436e+00 2.86961722e+01
 1.23931931e+01 -3.80370191e+00 2.86953140e+01
 1.25143720e+01 -3.72511206e+00 2.83518135e+01
 1.25484639e+01 -3.76337384e+00 2.85225678e+01
 1.26116691e+01 -3.76264001e+00 2.85217066e+01
 1.26748757e+01 -3.76190616e+00 2.85208453e+01
 1.27380839e+01 -3.76117230e+00 2.85199840e+01
 1.30124221e+01 -3.48457218e+00 2.73051653e+01
 1.30766771e+01 -3.48382875e+00 2.73042822e+01
 1.32028097e+01 -3.40302237e+00 2.69510917e+01
 1.32051915e+01 -3.48234183e+00 2.73025161e+01
 1.32694510e+01 -3.48159835e+00 2.73016330e+01
 1.33650498e+01 -3.44088899e+00 2.71248936e+01
 1.34294635e+01 -3.44014410e+00 2.71240073e+01
 1.35256295e+01 -3.39929098e+00 2.69466444e+01
 1.35265041e+01 -3.47862429e+00 2.72981004e+01
 1.35907711e+01 -3.47788075e+00 2.72972172e+01
 1.36871337e+01 -3.43716438e+00 2.71204620e+01
 1.37193098e+01 -3.47639361e+00 2.72954508e+01
