 -7.46987395e+00 -7.33130689e+00 3.06575663e+01
 -7.42569316e+00 -7.29720703e+00 3.04931168e+01
 -7.38128802e+00 -7.26299172e+00 3.03281088e+01
 -7.30307599e+00 -7.29622198e+00 3.04919245e+01
 -7.24176587e+00 -7.29572945e+00 3.04913283e+01
 -7.18045474e+00 -7.29523692e+00 3.04907321e+01
 -7.11914258e+00 -7.29474437e+00 3.04901359e+01
 -7.07402907e+00 -7.26052473e+00 3.03251174e+01
 -7.01257421e+00 -7.26003131e+00 3.03245191e+01
 -6.95111832e+00 -7.25953789e+00 3.03239209e+01
 -6.88966141e+00 -7.25904446e+00 3.03233225e+01
 -6.82820347e+00 -7.25855102e+00 3.03227242e+01
 -6.75124820e+00 -7.29178898e+00 3.04865585e+01
 -6.67462506e+00 -7.32491489e+00 3.06498424e+01
 -6.64382352e+00 -7.25707068e+00 3.03209293e+01
 -6.58236148e+00 -7.25657722e+00 3.03203309e+01
 -6.52089842e+00 -7.25608375e+00 3.03197326e+01
 -6.44464148e+00 -7.28932599e+00 3.04835772e+01
 -6.38331707e+00 -7.28883337e+00 3.04829809e+01
 -6.32199164e+00 -7.28834074e+00 3.04823846e+01
 -6.24634291e+00 -7.32147262e+00 3.06456829e+01
 -6.18515567e+00 -7.32098084e+00 3.06450886e+01
 -6.12396742e+00 -7.32048906e+00 3.06444943e+01
 -6.06277815e+00 -7.31999727e+00 3.06439001e+01
 -6.00158786e+00 -7.31950547e+00 3.06433058e+01
 -5.94039655e+00 -7.31901367e+00 3.06427115e+01
 -5.87920423e+00 -7.31852186e+00 3.06421172e+01
 -5.81801089e+00 -7.31803004e+00 3.06415229e+01
 -5.75681653e+00 -7.31753822e+00 3.06409286e+01
 -5.69562115e+00 -7.31704639e+00 3.06403343e+01
 -5.63442476e+00 -7.31655456e+00 3.06397400e+01
 -5.57322735e+00 -7.31606272e+00 3.06391457e+01
 -5.51202892e+00 -7.31557087e+00 3.06385514e+01
 -5.45082947e+00 -7.31507902e+00 3.06379570e+01
 -5.38962900e+00 -7.31458716e+00 3.06373627e+01
 -5.32842752e+00 -7.31409530e+00 3.06367683e+01
 -5.26722502e+00 -7.31360343e+00 3.06361740e+01
 -5.20602150e+00 -7.31311155e+00 3.06355796e+01
 -5.14481696e+00 -7.31261967e+00 3.06349852e+01
 -5.08361141e+00 -7.31212778e+00 3.06343908e+01
 -5.02240484e+00 -7.31163588e+00 3.06337964e+01
 -4.96119725e+00 -7.31114398e+00 3.06332020e+01
 -4.89998864e+00 -7.31065207e+00 3.06326076e+01
 -4.83877901e+00 -7.31016016e+00 3.06320132e+01
 -4.77756837e+00 -7.30966823e+00 3.06314188e+01
 -4.71635670e+00 -7.30917631e+00 3.06308244e+01
 -4.66581902e+00 -7.27503755e+00 3.04662817e+01
 -4.61503532e+00 -7.24078318e+00 3.03011800e+01
 -4.54310995e+00 -7.27405194e+00 3.04650887e+01
 -4.48175388e+00 -7.27355913e+00 3.04644922e+01
 -4.41028312e+00 -7.30671658e+00 3.06278521e+01
 -4.34906535e+00 -7.30622462e+00 3.06272576e+01
 -4.29767954e+00 -7.27208067e+00 3.04627025e+01
 -4.24604482e+00 -7.23782108e+00 3.02975884e+01
 -4.18454281e+00 -7.23732738e+00 3.02969897e+01
 -4.12303978e+00 -7.23683367e+00 3.02963911e+01
 -4.06153573e+00 -7.23633995e+00 3.02957924e+01
 -4.00003064e+00 -7.23584623e+00 3.02951938e+01
 -3.93852454e+00 -7.23535250e+00 3.02945951e+01
 -3.87701740e+00 -7.23485877e+00 3.02939964e+01
 -3.81550924e+00 -7.23436503e+00 3.02933978e+01
 -3.75400006e+00 -7.23387128e+00 3.02927991e+01
 -3.69248985e+00 -7.23337752e+00 3.02922004e+01
 -3.63097862e+00 -7.23288376e+00 3.02916017e+01
 -3.56946636e+00 -7.23239000e+00 3.02910029e+01
 -3.50795307e+00 -7.23189623e+00 3.02904042e+01
 -3.44643876e+00 -7.23140245e+00 3.02898055e+01
 -3.38492342e+00 -7.23090866e+00 3.02892068e+01
 -3.32340706e+00 -7.23041487e+00 3.02886080e+01
 -3.25441790e+00 -7.26370162e+00 3.04525601e+01
 -3.20037126e+00 -7.22942727e+00 3.02874105e+01
 -3.13885182e+00 -7.22893346e+00 3.02868118e+01
 -3.08440437e+00 -7.19454195e+00 3.01210979e+01
 -3.01580987e+00 -7.22794582e+00 3.02856142e+01
 -2.95428735e+00 -7.22745199e+00 3.02850154e+01
 -2.89941269e+00 -7.19305787e+00 3.01192953e+01
 -2.83123924e+00 -7.22646432e+00 3.02838178e+01
 -2.76971365e+00 -7.22597047e+00 3.02832190e+01
 -2.71441175e+00 -7.19157372e+00 3.01174926e+01
 -2.67111709e+00 -7.08867440e+00 2.96181259e+01
 -2.60301715e+00 -7.12242893e+00 2.97843417e+01
 -2.54106181e+00 -7.12193245e+00 2.97837366e+01
 -2.47340776e+00 -7.15557325e+00 2.99493921e+01
 -2.41159272e+00 -7.15507763e+00 2.99487891e+01
 -2.35518956e+00 -7.12044296e+00 2.97819212e+01
 -2.29323007e+00 -7.11994645e+00 2.97813160e+01
 -2.23126955e+00 -7.11944994e+00 2.97807109e+01
 -2.16930798e+00 -7.11895342e+00 2.97801057e+01
 -2.10734538e+00 -7.11845689e+00 2.97795005e+01
 -2.04538175e+00 -7.11796036e+00 2.97788953e+01
 -1.98341707e+00 -7.11746382e+00 2.97782901e+01
 -1.92145136e+00 -7.11696727e+00 2.97776849e+01
 -1.85948462e+00 -7.11647072e+00 2.97770797e+01
 -1.79751683e+00 -7.11597416e+00 2.97764745e+01
 -1.73155904e+00 -7.14962537e+00 2.99421552e+01
 -1.66973160e+00 -7.14912968e+00 2.99415520e+01
 -1.61160726e+00 -7.11448445e+00 2.97746588e+01
 -1.54607361e+00 -7.14813826e+00 2.99403458e+01
 -1.48424307e+00 -7.14764255e+00 2.99397426e+01
 -1.42897639e+00 -7.07872611e+00 2.96059797e+01
 -1.36685843e+00 -7.07822863e+00 2.96053723e+01
 -1.30775188e+00 -7.04334380e+00 2.94373276e+01
 -1.24548842e+00 -7.04284542e+00 2.94367180e+01
 -1.18322392e+00 -7.04234704e+00 2.94361085e+01
 -1.12095838e+00 -7.04184865e+00 2.94354989e+01
 -1.05869179e+00 -7.04135026e+00 2.94348894e+01
 -9.96424160e-01 -7.04085186e+00 2.94342798e+01
 -9.34155483e-01 -7.04035345e+00 2.94336702e+01
 -8.71885763e-01 -7.03985504e+00 2.94330606e+01
 -8.11486414e-01 -7.00484458e+00 2.92644239e+01
 -7.45621594e-01 -7.07325347e+00 2.95992979e+01
 -6.83492186e-01 -7.07275592e+00 2.95986905e+01
 -6.21361737e-01 -7.07225836e+00 2.95980830e+01
 -5.57943397e-01 -7.10604166e+00 2.97643684e+01
 -4.97097717e-01 -7.07126323e+00 2.95968680e+01
 -4.34964146e-01 -7.07076566e+00 2.95962605e+01
 -3.73690396e-01 -7.03586750e+00 2.94281837e+01
 -3.11411275e-01 -7.03536903e+00 2.94275740e+01
 -2.49131109e-01 -7.03487056e+00 2.94269644e+01
 -1.86849899e-01 -7.03437207e+00 2.94263547e+01
 -1.24567644e-01 -7.03387359e+00 2.94257450e+01
 -6.22843444e-02 -7.03337509e+00 2.94251354e+01
 0.00000000e+00 -7.03287659e+00 2.94245257e+01
 6.22853891e-02 -7.03237808e+00 2.94239160e+01
 1.24571823e-01 -7.03187956e+00 2.94233063e+01
 1.86859301e-01 -7.03138104e+00 2.94226965e+01
 2.49147825e-01 -7.03088252e+00 2.94220868e+01
 3.11437393e-01 -7.03038398e+00 2.94214771e+01
 3.73728006e-01 -7.02988544e+00 2.94208674e+01
 4.36019663e-01 -7.02938689e+00 2.94202576e+01
 4.98312366e-01 -7.02888834e+00 2.94196479e+01
 5.60606113e-01 -7.02838978e+00 2.94190381e+01
 6.22900905e-01 -7.02789122e+00 2.94184283e+01
 6.85196742e-01 -7.02739264e+00 2.94178185e+01
 7.47493624e-01 -7.02689407e+00 2.94172088e+01
 8.09791551e-01 -7.02639548e+00 2.94165990e+01
 8.72090523e-01 -7.02589689e+00 2.94159892e+01
 9.34390540e-01 -7.02539829e+00 2.94153794e+01
 9.96691602e-01 -7.02489969e+00 2.94147695e+01
 1.05899371e+00 -7.02440108e+00 2.94141597e+01
 1.12129686e+00 -7.02390246e+00 2.94135499e+01
 1.18633732e+00 -6.98886345e+00 2.92448444e+01
 1.24590630e+00 -7.02290521e+00 2.94123302e+01
 1.31123695e+00 -6.98786441e+00 2.92436204e+01
 1.37368834e+00 -6.98736488e+00 2.92430084e+01
 1.43614078e+00 -6.98686535e+00 2.92423964e+01
 1.49859427e+00 -6.98636581e+00 2.92417844e+01
 1.55744819e+00 -7.02041197e+00 2.94092809e+01
 1.61975970e+00 -7.01991330e+00 2.94086710e+01
 1.68207226e+00 -7.01941463e+00 2.94080611e+01
 1.74438586e+00 -7.01891595e+00 2.94074512e+01
 1.80670051e+00 -7.01841726e+00 2.94068412e+01
 1.87333722e+00 -6.98336843e+00 2.92381121e+01
 1.93579805e+00 -6.98286884e+00 2.92375001e+01
 1.99825993e+00 -6.98236925e+00 2.92368880e+01
 2.06072286e+00 -6.98186965e+00 2.92362759e+01
 2.11340873e+00 -7.05035960e+00 2.95713460e+01
 2.17558604e+00 -7.04986176e+00 2.95707382e+01
 2.23776438e+00 -7.04936391e+00 2.95701303e+01
 2.29994377e+00 -7.04886606e+00 2.95695225e+01
 2.36212421e+00 -7.04836820e+00 2.95689146e+01
 2.42430568e+00 -7.04787033e+00 2.95683067e+01
 2.48648820e+00 -7.04737246e+00 2.95676989e+01
 2.54867175e+00 -7.04687458e+00 2.95670910e+01
 2.61085635e+00 -7.04637669e+00 2.95664831e+01
 2.67304199e+00 -7.04587880e+00 2.95658752e+01
 2.74154569e+00 -7.01093621e+00 2.93976916e+01
 2.79741640e+00 -7.04488300e+00 2.95646594e+01
 2.85960517e+00 -7.04438509e+00 2.95640515e+01
 2.92179498e+00 -7.04388717e+00 2.95634436e+01
 2.98398583e+00 -7.04338924e+00 2.95628356e+01
 3.03217885e+00 -7.11143830e+00 2.98956919e+01
 3.09408592e+00 -7.11094212e+00 2.98950881e+01
 3.14874578e+00 -7.14454674e+00 3.00603722e+01
 3.21051270e+00 -7.14405142e+00 3.00597705e+01
 3.25729172e+00 -7.21141527e+00 3.03892699e+01
 3.31877770e+00 -7.21092167e+00 3.03886725e+01
 3.38026470e+00 -7.21042806e+00 3.03880750e+01
 3.44175272e+00 -7.20993445e+00 3.03874775e+01
 3.50324177e+00 -7.20944083e+00 3.03868800e+01
 3.56473185e+00 -7.20894720e+00 3.03862825e+01
 3.61792167e+00 -7.24221652e+00 3.05499122e+01
 3.68771506e+00 -7.20795993e+00 3.03850874e+01
 3.76646135e+00 -7.13959325e+00 3.00543555e+01
 3.82823858e+00 -7.13909786e+00 3.00537538e+01
 3.88109212e+00 -7.17259821e+00 3.02185030e+01
 3.94272963e+00 -7.17210368e+00 3.02179034e+01
 4.00436818e+00 -7.17160914e+00 3.02173037e+01
 4.05668930e+00 -7.20499797e+00 3.03815021e+01
 4.12764835e+00 -7.17062006e+00 3.02161044e+01
 4.17968891e+00 -7.20401060e+00 3.03803070e+01
 4.26070807e+00 -7.13563000e+00 3.00495416e+01
 4.31257631e+00 -7.16913638e+00 3.02143054e+01
 4.37422102e+00 -7.16864181e+00 3.02137057e+01
 4.44606761e+00 -7.13414367e+00 3.00477363e+01
 4.49751353e+00 -7.16765264e+00 3.02125063e+01
 4.55916133e+00 -7.16715805e+00 3.02119066e+01
 4.62081015e+00 -7.16666346e+00 3.02113069e+01
 4.68246000e+00 -7.16616885e+00 3.02107072e+01
 4.74411088e+00 -7.16567424e+00 3.02101074e+01
 4.80576279e+00 -7.16517963e+00 3.02095077e+01
 4.86741572e+00 -7.16468501e+00 3.02089079e+01
 4.92906969e+00 -7.16419038e+00 3.02083082e+01
 4.99072468e+00 -7.16369574e+00 3.02077084e+01
 5.05238070e+00 -7.16320110e+00 3.02071087e+01
 5.11403775e+00 -7.16270646e+00 3.02065089e+01
 5.17569582e+00 -7.16221180e+00 3.02059091e+01
 5.24939957e+00 -7.12770229e+00 3.00399124e+01
 5.29901506e+00 -7.16122248e+00 3.02047095e+01
 5.36067622e+00 -7.16072781e+00 3.02041097e+01
 5.43480864e+00 -7.12621567e+00 3.00381067e+01
 5.47143220e+00 -7.19364172e+00 3.03677559e+01
 5.54566588e+00 -7.15924375e+00 3.02023102e+01
 5.59447894e+00 -7.19265407e+00 3.03665604e+01
 5.65600384e+00 -7.19216023e+00 3.03659626e+01
 5.70443911e+00 -7.22545864e+00 3.05296624e+01
 5.77905673e+00 -7.19117254e+00 3.03647671e+01
 5.84058471e+00 -7.19067868e+00 3.03641693e+01
 5.88860026e+00 -7.22397966e+00 3.05278753e+01
 5.93638099e+00 -7.25716843e+00 3.06910315e+01
 5.99763064e+00 -7.25667628e+00 3.06904379e+01
 6.07277061e+00 -7.22250062e+00 3.05260881e+01
 6.12013299e+00 -7.25569195e+00 3.06892505e+01
 6.18138570e+00 -7.25519978e+00 3.06886568e+01
 6.24263942e+00 -7.25470760e+00 3.06880631e+01
 6.30389416e+00 -7.25421542e+00 3.06874693e+01
 6.36514991e+00 -7.25372323e+00 3.06868756e+01
 6.44113888e+00 -7.21954238e+00 3.05225134e+01
 6.50253716e+00 -7.21904932e+00 3.05219176e+01
 6.56393647e+00 -7.21855625e+00 3.05213218e+01
 6.61018312e+00 -7.25175440e+00 3.06845006e+01
 6.67144397e+00 -7.25126218e+00 3.06839069e+01
 6.74814053e+00 -7.21707701e+00 3.05195343e+01
 6.79396872e+00 -7.25027772e+00 3.06827193e+01
 6.87094834e+00 -7.21609081e+00 3.05183426e+01
 6.93235378e+00 -7.21559771e+00 3.05177468e+01
 7.00981111e+00 -7.18129423e+00 3.03528099e+01
 7.07135959e+00 -7.18080025e+00 3.03522119e+01
 7.13290910e+00 -7.18030626e+00 3.03516140e+01
 7.19445963e+00 -7.17981227e+00 3.03510160e+01
 7.25601119e+00 -7.17931827e+00 3.03504181e+01
 7.31756378e+00 -7.17882426e+00 3.03498201e+01
 7.37911739e+00 -7.17833025e+00 3.03492221e+01
 7.44067202e+00 -7.17783623e+00 3.03486241e+01
 7.50222768e+00 -7.17734221e+00 3.03480261e+01
 7.56378437e+00 -7.17684818e+00 3.03474281e+01
 7.62534208e+00 -7.17635414e+00 3.03468301e+01
 7.68690082e+00 -7.17586010e+00 3.03462321e+01
 7.74846058e+00 -7.17536605e+00 3.03456341e+01
 7.81002137e+00 -7.17487199e+00 3.03450360e+01
 7.87158318e+00 -7.17437793e+00 3.03444380e+01
 7.93314602e+00 -7.17388387e+00 3.03438400e+01
 7.99470988e+00 -7.17338979e+00 3.03432419e+01
 8.05627477e+00 -7.17289571e+00 3.03426438e+01
 8.11784069e+00 -7.17240162e+00 3.03420458e+01
 8.17940763e+00 -7.17190753e+00 3.03414477e+01
 8.24097560e+00 -7.17141343e+00 3.03408496e+01
 8.30254459e+00 -7.17091933e+00 3.03402515e+01
 8.36411461e+00 -7.17042521e+00 3.03396534e+01
 8.42568565e+00 -7.16993110e+00 3.03390553e+01
 8.48725772e+00 -7.16943697e+00 3.03384572e+01
 8.54883082e+00 -7.16894284e+00 3.03378591e+01
 8.61040494e+00 -7.16844871e+00 3.03372610e+01
 8.67198009e+00 -7.16795456e+00 3.03366628e+01
 8.73355626e+00 -7.16746041e+00 3.03360647e+01
 8.79513346e+00 -7.16696626e+00 3.03354665e+01
 8.85671169e+00 -7.16647210e+00 3.03348684e+01
 8.91829094e+00 -7.16597793e+00 3.03342702e+01
 8.97987121e+00 -7.16548375e+00 3.03336720e+01
 9.04145252e+00 -7.16498957e+00 3.03330738e+01
 9.10303484e+00 -7.16449539e+00 3.03324757e+01
 9.14363017e+00 -7.19784177e+00 3.04962910e+01
 9.20507343e+00 -7.19734843e+00 3.04956949e+01
 9.26651771e+00 -7.19685509e+00 3.04950988e+01
 9.32796301e+00 -7.19636174e+00 3.04945026e+01
 9.36792946e+00 -7.22959829e+00 3.06577739e+01
 9.45085667e+00 -7.19537503e+00 3.04933103e+01
 9.49054384e+00 -7.22861328e+00 3.06565857e+01
 9.59573041e+00 -7.16054167e+00 3.03276899e+01
 9.61316229e+00 -7.22762825e+00 3.06553975e+01
 9.71891456e+00 -7.15955318e+00 3.03264933e+01
 9.80298353e+00 -7.12509499e+00 3.01609035e+01
 9.86471981e+00 -7.12459987e+00 3.01603031e+01
 9.94929303e+00 -7.09002375e+00 2.99941468e+01
