 -5.29950538e+00 1.81355965e+01 1.11586723e+01
 -5.22147334e+00 1.81340064e+01 1.11603818e+01
 -5.15699532e+00 1.82139569e+01 1.09224387e+01
 -5.06541807e+00 1.81308264e+01 1.11638007e+01
 -4.98739484e+00 1.81292364e+01 1.11655101e+01
 -4.92230850e+00 1.82091752e+01 1.09275881e+01
 -4.84408545e+00 1.82075814e+01 1.09293045e+01
 -4.76586534e+00 1.82059877e+01 1.09310208e+01
 -4.68764818e+00 1.82043940e+01 1.09327371e+01
 -4.60943396e+00 1.82028003e+01 1.09344533e+01
 -4.53122268e+00 1.82012067e+01 1.09361695e+01
 -4.45301435e+00 1.81996132e+01 1.09378856e+01
 -4.37480896e+00 1.81980197e+01 1.09396017e+01
 -4.29660651e+00 1.81964262e+01 1.09413177e+01
 -4.21840700e+00 1.81948328e+01 1.09430336e+01
 -4.14021044e+00 1.81932395e+01 1.09447495e+01
 -4.06201682e+00 1.81916461e+01 1.09464654e+01
 -3.98382614e+00 1.81900529e+01 1.09481812e+01
 -3.90563841e+00 1.81884597e+01 1.09498970e+01
 -3.82745361e+00 1.81868665e+01 1.09516127e+01
 -3.74927176e+00 1.81852734e+01 1.09533283e+01
 -3.67109285e+00 1.81836803e+01 1.09550439e+01
 -3.59291689e+00 1.81820873e+01 1.09567594e+01
 -3.51474386e+00 1.81804943e+01 1.09584749e+01
 -3.43657377e+00 1.81789014e+01 1.09601904e+01
 -3.35840663e+00 1.81773085e+01 1.09619057e+01
 -3.28024243e+00 1.81757157e+01 1.09636211e+01
 -3.20208117e+00 1.81741229e+01 1.09653364e+01
 -3.12392285e+00 1.81725302e+01 1.09670516e+01
 -3.04576747e+00 1.81709375e+01 1.09687668e+01
 -2.96761503e+00 1.81693449e+01 1.09704819e+01
 -2.88946553e+00 1.81677523e+01 1.09721970e+01
 -2.81131897e+00 1.81661598e+01 1.09739120e+01
 -2.73317535e+00 1.81645673e+01 1.09756270e+01
 -2.65503467e+00 1.81629748e+01 1.09773419e+01
 -2.57689693e+00 1.81613824e+01 1.09790567e+01
 -2.49876214e+00 1.81597901e+01 1.09807716e+01
 -2.42063028e+00 1.81581978e+01 1.09824863e+01
 -2.34250136e+00 1.81566056e+01 1.09842010e+01
 -2.26437538e+00 1.81550134e+01 1.09859157e+01
 -2.18625234e+00 1.81534212e+01 1.09876303e+01
 -2.10813224e+00 1.81518291e+01 1.09893448e+01
 -2.03536847e+00 1.82319471e+01 1.07507291e+01
 -1.95704819e+00 1.82303512e+01 1.07524506e+01
 -1.87873087e+00 1.82287553e+01 1.07541721e+01
 -1.80041649e+00 1.82271594e+01 1.07558936e+01
 -1.72210507e+00 1.82255636e+01 1.07576150e+01
 -1.64379660e+00 1.82239679e+01 1.07593364e+01
 -1.56137381e+00 1.81406858e+01 1.10013452e+01
 -1.48327722e+00 1.81390940e+01 1.10030594e+01
 -1.41260911e+00 1.83011879e+01 1.05232603e+01
 -1.33410565e+00 1.82995884e+01 1.05249886e+01
 -1.25560516e+00 1.82979889e+01 1.05267169e+01
 -1.17710762e+00 1.82963895e+01 1.05284451e+01
 -1.09861305e+00 1.82947901e+01 1.05301732e+01
 -1.02012145e+00 1.82931908e+01 1.05319013e+01
 -9.41632801e-01 1.82915915e+01 1.05336294e+01
 -8.63147116e-01 1.82899923e+01 1.05353574e+01
 -7.84664392e-01 1.82883931e+01 1.05370853e+01
 -7.06184630e-01 1.82867939e+01 1.05388132e+01
 -6.27707829e-01 1.82851949e+01 1.05405410e+01
 -5.49233988e-01 1.82835958e+01 1.05422688e+01
 -4.70763109e-01 1.82819968e+01 1.05439965e+01
 -3.92295190e-01 1.82803979e+01 1.05457242e+01
 -3.13830231e-01 1.82787990e+01 1.05474518e+01
 -2.35368233e-01 1.82772001e+01 1.05491794e+01
 -1.56909195e-01 1.82756014e+01 1.05509069e+01
 -7.82465429e-02 1.81920629e+01 1.07937525e+01
 0.00000000e+00 1.81904682e+01 1.07954728e+01
 7.82435953e-02 1.81888735e+01 1.07971930e+01
 1.56484243e-01 1.81872789e+01 1.07989132e+01
 2.34721944e-01 1.81856843e+01 1.08006333e+01
 3.12956697e-01 1.81840897e+01 1.08023533e+01
 3.91188503e-01 1.81824952e+01 1.08040733e+01
 4.69417363e-01 1.81809008e+01 1.08057933e+01
 5.49088957e-01 1.82612144e+01 1.05664522e+01
 6.27518399e-01 1.82596161e+01 1.05681792e+01
 7.05944884e-01 1.82580178e+01 1.05699062e+01
 7.84368409e-01 1.82564196e+01 1.05716330e+01
 8.62788976e-01 1.82548214e+01 1.05733599e+01
 9.41206585e-01 1.82532233e+01 1.05750867e+01
 1.01693688e+00 1.81697410e+01 1.08178314e+01
 1.09514217e+00 1.81681470e+01 1.08195509e+01
 1.17025976e+00 1.80850045e+01 1.10613091e+01
 1.24825360e+00 1.80834145e+01 1.10630214e+01
 1.32624452e+00 1.80818245e+01 1.10647336e+01
 1.40423249e+00 1.80802346e+01 1.10664459e+01
 1.48221754e+00 1.80786447e+01 1.10681580e+01
 1.56431205e+00 1.81585836e+01 1.08298670e+01
 1.64249672e+00 1.81569899e+01 1.08315862e+01
 1.72521999e+00 1.82372449e+01 1.05923516e+01
 1.80360507e+00 1.82356473e+01 1.05940778e+01
 1.88198719e+00 1.82340498e+01 1.05958039e+01
 1.96036635e+00 1.82324523e+01 1.05975300e+01
 2.03874256e+00 1.82308549e+01 1.05992561e+01
 2.11711581e+00 1.82292575e+01 1.06009821e+01
 2.19548610e+00 1.82276601e+01 1.06027080e+01
 2.27385344e+00 1.82260628e+01 1.06044339e+01
 2.35221782e+00 1.82244656e+01 1.06061597e+01
 2.43057924e+00 1.82228684e+01 1.06078855e+01
 2.50893771e+00 1.82212713e+01 1.06096112e+01
 2.58729323e+00 1.82196742e+01 1.06113369e+01
 2.66564579e+00 1.82180771e+01 1.06130625e+01
 2.74399539e+00 1.82164802e+01 1.06147881e+01
 2.82234204e+00 1.82148832e+01 1.06165136e+01
 2.90068574e+00 1.82132863e+01 1.06182391e+01
 2.97902647e+00 1.82116895e+01 1.06199645e+01
 3.05736426e+00 1.82100927e+01 1.06216899e+01
 3.13569909e+00 1.82084959e+01 1.06234152e+01
 3.21403096e+00 1.82068992e+01 1.06251405e+01
 3.29235989e+00 1.82053026e+01 1.06268657e+01
 3.37068585e+00 1.82037059e+01 1.06285908e+01
 3.43993169e+00 1.81203477e+01 1.08711125e+01
 3.51804573e+00 1.81187552e+01 1.08728304e+01
 3.59615682e+00 1.81171627e+01 1.08745482e+01
 3.67426497e+00 1.81155702e+01 1.08762660e+01
 3.75237018e+00 1.81139778e+01 1.08779838e+01
 3.83047245e+00 1.81123854e+01 1.08797015e+01
 3.90857178e+00 1.81107931e+01 1.08814191e+01
 3.98666817e+00 1.81092009e+01 1.08831367e+01
 4.06476162e+00 1.81076086e+01 1.08848543e+01
 4.14285212e+00 1.81060165e+01 1.08865717e+01
 4.22093969e+00 1.81044244e+01 1.08882892e+01
 4.29902432e+00 1.81028323e+01 1.08900066e+01
 4.37710600e+00 1.81012403e+01 1.08917239e+01
 4.45518475e+00 1.80996483e+01 1.08934412e+01
 4.53326055e+00 1.80980564e+01 1.08951584e+01
 4.61133342e+00 1.80964645e+01 1.08968756e+01
 4.68940334e+00 1.80948726e+01 1.08985927e+01
 4.76747033e+00 1.80932809e+01 1.09003098e+01
 4.84553438e+00 1.80916891e+01 1.09020268e+01
 4.92359549e+00 1.80900974e+01 1.09037438e+01
 5.00165365e+00 1.80885058e+01 1.09054607e+01
 5.07970888e+00 1.80869142e+01 1.09071776e+01
 5.15776117e+00 1.80853227e+01 1.09088944e+01
 5.23581053e+00 1.80837312e+01 1.09106111e+01
 5.31385694e+00 1.80821397e+01 1.09123278e+01
 5.37773322e+00 1.79992122e+01 1.11536998e+01
 5.45556886e+00 1.79976248e+01 1.11554094e+01
 5.53340158e+00 1.79960374e+01 1.11571188e+01
 5.61123137e+00 1.79944501e+01 1.11588282e+01
 5.68905823e+00 1.79928628e+01 1.11605376e+01
 5.76688216e+00 1.79912755e+01 1.11622469e+01
 5.84470318e+00 1.79896884e+01 1.11639561e+01
 5.92252126e+00 1.79881012e+01 1.11656653e+01
 6.00033642e+00 1.79865141e+01 1.11673745e+01
 6.07814866e+00 1.79849271e+01 1.11690836e+01
 6.15595797e+00 1.79833401e+01 1.11707926e+01
 6.23376435e+00 1.79817532e+01 1.11725016e+01
 6.31156782e+00 1.79801663e+01 1.11742106e+01
 6.38936835e+00 1.79785794e+01 1.11759195e+01
 6.46716596e+00 1.79769926e+01 1.11776283e+01
 6.54496065e+00 1.79754059e+01 1.11793371e+01
 6.62275242e+00 1.79738192e+01 1.11810458e+01
 6.70054125e+00 1.79722325e+01 1.11827545e+01
 6.77832717e+00 1.79706459e+01 1.11844632e+01
 6.85611016e+00 1.79690594e+01 1.11861717e+01
 6.93389023e+00 1.79674729e+01 1.11878803e+01
 7.01166737e+00 1.79658864e+01 1.11895888e+01
 7.08944160e+00 1.79643000e+01 1.11912972e+01
 7.16721289e+00 1.79627136e+01 1.11930056e+01
 7.24498127e+00 1.79611273e+01 1.11947139e+01
 7.32274672e+00 1.79595411e+01 1.11964221e+01
 7.40050925e+00 1.79579548e+01 1.11981304e+01
 7.47826886e+00 1.79563687e+01 1.11998385e+01
 7.55602554e+00 1.79547825e+01 1.12015466e+01
 7.63377930e+00 1.79531965e+01 1.12032547e+01
 7.71153014e+00 1.79516104e+01 1.12049627e+01
 7.78927805e+00 1.79500245e+01 1.12066707e+01
 7.86702305e+00 1.79484385e+01 1.12083786e+01
 7.94476512e+00 1.79468526e+01 1.12100864e+01
 8.02250427e+00 1.79452668e+01 1.12117943e+01
 8.10024050e+00 1.79436810e+01 1.12135020e+01
 8.19950964e+00 1.80232903e+01 1.09758094e+01
 8.27744449e+00 1.80217006e+01 1.09775241e+01
 8.35537640e+00 1.80201111e+01 1.09792388e+01
 8.43330538e+00 1.80185216e+01 1.09809534e+01
 8.48887783e+00 1.79357528e+01 1.12220400e+01
 8.56659653e+00 1.79341673e+01 1.12237474e+01
 8.66707472e+00 1.80137533e+01 1.09860970e+01
 8.74499197e+00 1.80121640e+01 1.09878114e+01
 8.82290629e+00 1.80105747e+01 1.09895257e+01
 8.90081767e+00 1.80089855e+01 1.09912401e+01
