 -5.49019288e+00 1.35414325e+01 1.05780692e+01
 -5.41175923e+00 1.35413982e+01 1.05781085e+01
 -5.34736512e+00 1.36161181e+01 1.03371603e+01
 -5.26872513e+00 1.36160837e+01 1.03371998e+01
 -5.19008521e+00 1.36160493e+01 1.03372393e+01
 -5.09802530e+00 1.35412607e+01 1.05782657e+01
 -5.01959198e+00 1.35412264e+01 1.05783051e+01
 -4.91530093e+00 1.33925832e+01 1.10574193e+01
 -4.83727821e+00 1.33925490e+01 1.10574583e+01
 -4.75925556e+00 1.33925148e+01 1.10574973e+01
 -4.68123297e+00 1.33924806e+01 1.10575363e+01
 -4.60321045e+00 1.33924464e+01 1.10575753e+01
 -4.52518800e+00 1.33924122e+01 1.10576143e+01
 -4.44716561e+00 1.33923780e+01 1.10576533e+01
 -4.36914329e+00 1.33923438e+01 1.10576923e+01
 -4.29112104e+00 1.33923096e+01 1.10577312e+01
 -4.21309885e+00 1.33922755e+01 1.10577702e+01
 -4.13507673e+00 1.33922413e+01 1.10578092e+01
 -4.05705468e+00 1.33922071e+01 1.10578482e+01
 -3.97903269e+00 1.33921729e+01 1.10578872e+01
 -3.90101077e+00 1.33921387e+01 1.10579262e+01
 -3.82298892e+00 1.33921045e+01 1.10579652e+01
 -3.74496714e+00 1.33920703e+01 1.10580042e+01
 -3.66694542e+00 1.33920361e+01 1.10580432e+01
 -3.58892377e+00 1.33920019e+01 1.10580821e+01
 -3.51090218e+00 1.33919677e+01 1.10581211e+01
 -3.43288066e+00 1.33919335e+01 1.10581601e+01
 -3.35485921e+00 1.33918993e+01 1.10581991e+01
 -3.27683783e+00 1.33918651e+01 1.10582381e+01
 -3.19881651e+00 1.33918309e+01 1.10582771e+01
 -3.12079526e+00 1.33917967e+01 1.10583161e+01
 -3.04277407e+00 1.33917626e+01 1.10583551e+01
 -2.96475296e+00 1.33917284e+01 1.10583940e+01
 -2.88673191e+00 1.33916942e+01 1.10584330e+01
 -2.80871092e+00 1.33916600e+01 1.10584720e+01
 -2.73069001e+00 1.33916258e+01 1.10585110e+01
 -2.65266916e+00 1.33915916e+01 1.10585500e+01
 -2.57464837e+00 1.33915574e+01 1.10585890e+01
 -2.49662766e+00 1.33915232e+01 1.10586280e+01
 -2.41860701e+00 1.33914890e+01 1.10586670e+01
 -2.34058642e+00 1.33914548e+01 1.10587059e+01
 -2.26256591e+00 1.33914206e+01 1.10587449e+01
 -2.18454546e+00 1.33913864e+01 1.10587839e+01
 -2.10652508e+00 1.33913522e+01 1.10588229e+01
 -2.02850476e+00 1.33913181e+01 1.10588619e+01
 -1.95048451e+00 1.33912839e+01 1.10589009e+01
 -1.87246433e+00 1.33912497e+01 1.10589399e+01
 -1.79444421e+00 1.33912155e+01 1.10589789e+01
 -1.71642416e+00 1.33911813e+01 1.10590178e+01
 -1.63840418e+00 1.33911471e+01 1.10590568e+01
 -1.56038427e+00 1.33911129e+01 1.10590958e+01
 -1.48236442e+00 1.33910787e+01 1.10591348e+01
 -1.40434464e+00 1.33910445e+01 1.10591738e+01
 -1.32632492e+00 1.33910103e+01 1.10592128e+01
 -1.24830528e+00 1.33909761e+01 1.10592518e+01
 -1.17028570e+00 1.33909419e+01 1.10592908e+01
 -1.09226618e+00 1.33909077e+01 1.10593297e+01
 -1.01424673e+00 1.33908735e+01 1.10593687e+01
 -9.36227354e-01 1.33908394e+01 1.10594077e+01
 -8.58208041e-01 1.33908052e+01 1.10594467e+01
 -7.80188794e-01 1.33907710e+01 1.10594857e+01
 -7.02169614e-01 1.33907368e+01 1.10595247e+01
 -6.24150501e-01 1.33907026e+01 1.10595637e+01
 -5.46131454e-01 1.33906684e+01 1.10596027e+01
 -4.68112475e-01 1.33906342e+01 1.10596416e+01
 -3.90093562e-01 1.33906000e+01 1.10596806e+01
 -3.12074716e-01 1.33905658e+01 1.10597196e+01
 -2.34055937e-01 1.33905316e+01 1.10597586e+01
 -1.56037224e-01 1.33904974e+01 1.10597976e+01
 -7.80185788e-02 1.33904632e+01 1.10598366e+01
 0.00000000e+00 1.33904291e+01 1.10598756e+01
 7.80185120e-02 1.33903949e+01 1.10599145e+01
 1.56036957e-01 1.33903607e+01 1.10599535e+01
 2.34055336e-01 1.33903265e+01 1.10599925e+01
 3.12073647e-01 1.33902923e+01 1.10600315e+01
 3.90091892e-01 1.33902581e+01 1.10600705e+01
 4.68110070e-01 1.33902239e+01 1.10601095e+01
 5.46128181e-01 1.33901897e+01 1.10601485e+01
 6.24146225e-01 1.33901555e+01 1.10601875e+01
 7.02164203e-01 1.33901213e+01 1.10602264e+01
 7.80182114e-01 1.33900871e+01 1.10602654e+01
 8.58199958e-01 1.33900529e+01 1.10603044e+01
 9.36217735e-01 1.33900188e+01 1.10603434e+01
 1.01423545e+00 1.33899846e+01 1.10603824e+01
 1.09225309e+00 1.33899504e+01 1.10604214e+01
 1.17027067e+00 1.33899162e+01 1.10604604e+01
 1.24828818e+00 1.33898820e+01 1.10604993e+01
 1.32630562e+00 1.33898478e+01 1.10605383e+01
 1.40432300e+00 1.33898136e+01 1.10605773e+01
 1.48234030e+00 1.33897794e+01 1.10606163e+01
 1.56035755e+00 1.33897452e+01 1.10606553e+01
 1.63837472e+00 1.33897110e+01 1.10606943e+01
 1.71639183e+00 1.33896768e+01 1.10607333e+01
 1.79440887e+00 1.33896426e+01 1.10607722e+01
 1.87242585e+00 1.33896085e+01 1.10608112e+01
 1.95044276e+00 1.33895743e+01 1.10608502e+01
 2.02845960e+00 1.33895401e+01 1.10608892e+01
 2.10647638e+00 1.33895059e+01 1.10609282e+01
 2.18449308e+00 1.33894717e+01 1.10609672e+01
 2.26250973e+00 1.33894375e+01 1.10610062e+01
 2.34052630e+00 1.33894033e+01 1.10610451e+01
 2.41854281e+00 1.33893691e+01 1.10610841e+01
 2.49655925e+00 1.33893349e+01 1.10611231e+01
 2.57457562e+00 1.33893007e+01 1.10611621e+01
 2.65259193e+00 1.33892665e+01 1.10612011e+01
 2.73060817e+00 1.33892323e+01 1.10612401e+01
 2.80862435e+00 1.33891982e+01 1.10612791e+01
 2.88664045e+00 1.33891640e+01 1.10613181e+01
 2.96465649e+00 1.33891298e+01 1.10613570e+01
 3.04267247e+00 1.33890956e+01 1.10613960e+01
 3.12068837e+00 1.33890614e+01 1.10614350e+01
 3.19870421e+00 1.33890272e+01 1.10614740e+01
 3.27671999e+00 1.33889930e+01 1.10615130e+01
 3.35473569e+00 1.33889588e+01 1.10615520e+01
 3.43275133e+00 1.33889246e+01 1.10615910e+01
 3.51076691e+00 1.33888904e+01 1.10616299e+01
 3.58878241e+00 1.33888562e+01 1.10616689e+01
 3.66679785e+00 1.33888221e+01 1.10617079e+01
 3.74481322e+00 1.33887879e+01 1.10617469e+01
 3.82282853e+00 1.33887537e+01 1.10617859e+01
 3.90084377e+00 1.33887195e+01 1.10618249e+01
 3.97885894e+00 1.33886853e+01 1.10618638e+01
 4.05687404e+00 1.33886511e+01 1.10619028e+01
 4.13488908e+00 1.33886169e+01 1.10619418e+01
 4.21290405e+00 1.33885827e+01 1.10619808e+01
 4.29091896e+00 1.33885485e+01 1.10620198e+01
 4.36893380e+00 1.33885143e+01 1.10620588e+01
 4.44694857e+00 1.33884801e+01 1.10620978e+01
 4.52496327e+00 1.33884460e+01 1.10621367e+01
 4.60297791e+00 1.33884118e+01 1.10621757e+01
 4.68099248e+00 1.33883776e+01 1.10622147e+01
 4.75900698e+00 1.33883434e+01 1.10622537e+01
 4.83702142e+00 1.33883092e+01 1.10622927e+01
 4.91503579e+00 1.33882750e+01 1.10623317e+01
 4.99305010e+00 1.33882408e+01 1.10623707e+01
 5.07106433e+00 1.33882066e+01 1.10624096e+01
 5.14907850e+00 1.33881724e+01 1.10624486e+01
 5.22709261e+00 1.33881382e+01 1.10624876e+01
 5.30510664e+00 1.33881041e+01 1.10625266e+01
 5.38312061e+00 1.33880699e+01 1.10625656e+01
 5.46113451e+00 1.33880357e+01 1.10626046e+01
 5.53914835e+00 1.33880015e+01 1.10626436e+01
 5.61716212e+00 1.33879673e+01 1.10626825e+01
 5.69517582e+00 1.33879331e+01 1.10627215e+01
 5.77318946e+00 1.33878989e+01 1.10627605e+01
 5.85120303e+00 1.33878647e+01 1.10627995e+01
 5.92921653e+00 1.33878305e+01 1.10628385e+01
 6.00722996e+00 1.33877963e+01 1.10628775e+01
 6.08524333e+00 1.33877622e+01 1.10629164e+01
 6.16325663e+00 1.33877280e+01 1.10629554e+01
 6.24126987e+00 1.33876938e+01 1.10629944e+01
 6.31928304e+00 1.33876596e+01 1.10630334e+01
 6.39729614e+00 1.33876254e+01 1.10630724e+01
 6.47530917e+00 1.33875912e+01 1.10631114e+01
 6.55332214e+00 1.33875570e+01 1.10631504e+01
 6.63133504e+00 1.33875228e+01 1.10631893e+01
 6.70934787e+00 1.33874886e+01 1.10632283e+01
 6.78736064e+00 1.33874544e+01 1.10632673e+01
 6.86537334e+00 1.33874203e+01 1.10633063e+01
 6.94338598e+00 1.33873861e+01 1.10633453e+01
 7.02139854e+00 1.33873519e+01 1.10633843e+01
 7.09941104e+00 1.33873177e+01 1.10634232e+01
 7.17742348e+00 1.33872835e+01 1.10634622e+01
 7.25543584e+00 1.33872493e+01 1.10635012e+01
 7.33344814e+00 1.33872151e+01 1.10635402e+01
 7.41146037e+00 1.33871809e+01 1.10635792e+01
 7.48947254e+00 1.33871467e+01 1.10636182e+01
 7.56748464e+00 1.33871125e+01 1.10636571e+01
 7.64549667e+00 1.33870784e+01 1.10636961e+01
 7.72350864e+00 1.33870442e+01 1.10637351e+01
 7.80152054e+00 1.33870100e+01 1.10637741e+01
 7.87953237e+00 1.33869758e+01 1.10638131e+01
 7.95754413e+00 1.33869416e+01 1.10638521e+01
 8.03555583e+00 1.33869074e+01 1.10638911e+01
 8.11356746e+00 1.33868732e+01 1.10639300e+01
 8.19157903e+00 1.33868390e+01 1.10639690e+01
 8.26959053e+00 1.33868048e+01 1.10640080e+01
 8.34760196e+00 1.33867706e+01 1.10640470e+01
 8.42561332e+00 1.33867365e+01 1.10640860e+01
 8.52594616e+00 1.34608431e+01 1.08250963e+01
 8.60416216e+00 1.34608088e+01 1.08251354e+01
 8.65964702e+00 1.33866339e+01 1.10642029e+01
 8.73765811e+00 1.33865997e+01 1.10642419e+01
