 -1.30945940e+01 -1.43784537e+01 2.68326893e+01
 -1.31529191e+01 -1.42713272e+01 2.61229363e+01
 -1.31187254e+01 -1.42439438e+01 2.59433834e+01
 -1.32084648e+01 -1.41074990e+01 2.50387496e+01
 -1.31737015e+01 -1.40795234e+01 2.48552854e+01
 -1.31076243e+01 -1.40790345e+01 2.48545644e+01
 -1.30107016e+01 -1.41060349e+01 2.50365944e+01
 -1.29447781e+01 -1.41055469e+01 2.50358760e+01
 -1.28788533e+01 -1.41050588e+01 2.50351576e+01
 -1.27826607e+01 -1.41319638e+01 2.52165408e+01
 -1.27470001e+01 -1.41040827e+01 2.50337207e+01
 -1.26511162e+01 -1.41309894e+01 2.52151091e+01
 -1.25853422e+01 -1.41305021e+01 2.52143932e+01
 -1.25195668e+01 -1.41300149e+01 2.52136773e+01
 -1.23079241e+01 -1.42650495e+01 2.61137967e+01
 -1.22142065e+01 -1.42913825e+01 2.62913399e+01
 -1.21493495e+01 -1.42909003e+01 2.62906393e+01
 -1.21128963e+01 -1.42636007e+01 2.61116874e+01
 -1.20196321e+01 -1.42899361e+01 2.62892381e+01
 -1.19547715e+01 -1.42894540e+01 2.62885375e+01
 -1.18899098e+01 -1.42889718e+01 2.62878368e+01
 -1.18250469e+01 -1.42884897e+01 2.62871362e+01
 -1.17878260e+01 -1.42611858e+01 2.61081716e+01
 -1.17228084e+01 -1.42607028e+01 2.61074684e+01
 -1.16032094e+01 -1.43137714e+01 2.64626699e+01
 -1.15655831e+01 -1.42865611e+01 2.62843334e+01
 -1.14737763e+01 -1.43128088e+01 2.64612735e+01
 -1.14090580e+01 -1.43123274e+01 2.64605753e+01
 -1.13443385e+01 -1.43118461e+01 2.64598770e+01
 -1.13061002e+01 -1.42846323e+01 2.62815306e+01
 -1.12412265e+01 -1.42841501e+01 2.62808298e+01
 -1.11501728e+01 -1.43104020e+01 2.64577823e+01
 -1.11114754e+01 -1.42831857e+01 2.62794283e+01
 -1.10207230e+01 -1.43094393e+01 2.64563858e+01
 -1.09559963e+01 -1.43089579e+01 2.64556875e+01
 -1.08912685e+01 -1.43084765e+01 2.64549893e+01
 -1.08519590e+01 -1.42812568e+01 2.62766252e+01
 -1.07618091e+01 -1.43075137e+01 2.64535927e+01
 -1.04993181e+01 -1.45175804e+01 2.78518565e+01
 -1.04357812e+01 -1.45171056e+01 2.78511778e+01
 -1.03482065e+01 -1.45425368e+01 2.80226226e+01
 -1.03087040e+01 -1.45161560e+01 2.78498203e+01
 -1.02451637e+01 -1.45156812e+01 2.78491415e+01
 -1.01816221e+01 -1.45152063e+01 2.78484628e+01
 -1.01416099e+01 -1.44887313e+01 2.76750469e+01
 -1.00545356e+01 -1.45142566e+01 2.78471052e+01
 -9.99099064e+00 -1.45137818e+01 2.78464264e+01
 -9.92744448e+00 -1.45133069e+01 2.78457476e+01
 -9.88683693e+00 -1.44868286e+01 2.76723221e+01
 -9.80034867e+00 -1.45123572e+01 2.78443899e+01
 -9.73679903e+00 -1.45118823e+01 2.78437111e+01
 -9.69574494e+00 -1.44854016e+01 2.76702783e+01
 -9.65447286e+00 -1.44588277e+01 2.74962334e+01
 -9.54614312e+00 -1.45104577e+01 2.78416745e+01
 -9.48258883e+00 -1.45099828e+01 2.78409957e+01
 -9.44093929e+00 -1.44834987e+01 2.76675532e+01
 -9.39906966e+00 -1.44569216e+01 2.74934986e+01
 -9.31352947e+00 -1.44825472e+01 2.76661906e+01
 -9.24982281e+00 -1.44820715e+01 2.76655093e+01
 -9.16479993e+00 -1.45076081e+01 2.78376012e+01
 -9.10123866e+00 -1.45071332e+01 2.78369222e+01
 -9.01673015e+00 -1.45325813e+01 2.80084170e+01
 -8.93258752e+00 -1.45579406e+01 2.81793156e+01
 -8.86931669e+00 -1.45574672e+01 2.81786414e+01
 -8.80604472e+00 -1.45569939e+01 2.81779672e+01
 -8.74277159e+00 -1.45565205e+01 2.81772930e+01
 -8.65942810e+00 -1.45817937e+01 2.83476054e+01
 -8.61622187e+00 -1.45555738e+01 2.81759446e+01
 -8.53316850e+00 -1.45808486e+01 2.83462617e+01
 -8.45047472e+00 -1.46060354e+01 2.85159887e+01
 -8.38748776e+00 -1.46055636e+01 2.85153191e+01
 -8.32449966e+00 -1.46050919e+01 2.85146496e+01
 -8.22345915e+00 -1.46556768e+01 2.88530194e+01
 -8.14197607e+00 -1.46806032e+01 2.90209965e+01
 -8.07941871e+00 -1.46801337e+01 2.90203340e+01
 -7.99842993e+00 -1.47049748e+01 2.91877353e+01
 -7.93601404e+00 -1.47045061e+01 2.91870750e+01
 -7.85551679e+00 -1.47292622e+01 2.93539035e+01
 -7.82917792e+00 -1.46782560e+01 2.90176837e+01
 -7.73096585e+00 -1.47283264e+01 2.93525876e+01
 -7.66868869e+00 -1.47278585e+01 2.93519296e+01
 -7.64148542e+00 -1.46768476e+01 2.90156958e+01
 -7.57891899e+00 -1.46763782e+01 2.90150332e+01
 -7.46468906e+00 -1.47515974e+01 2.95168813e+01
 -7.43664619e+00 -1.47007567e+01 2.91817926e+01
 -7.39121288e+00 -1.46749697e+01 2.90130453e+01
 -7.29500207e+00 -1.47250511e+01 2.93479814e+01
 -7.26606979e+00 -1.46740307e+01 2.90117200e+01
 -7.18693514e+00 -1.46988819e+01 2.91791512e+01
 -7.14092217e+00 -1.46730917e+01 2.90103946e+01
 -7.07834666e+00 -1.46726222e+01 2.90097319e+01
 -7.01577002e+00 -1.46721527e+01 2.90090692e+01
 -6.95319223e+00 -1.46716831e+01 2.90084065e+01
 -6.87477088e+00 -1.46965382e+01 2.91758492e+01
 -6.82803327e+00 -1.46707440e+01 2.90070810e+01
 -6.74989726e+00 -1.46956007e+01 2.91745284e+01
 -6.68745875e+00 -1.46951319e+01 2.91738680e+01
 -6.62501911e+00 -1.46946631e+01 2.91732075e+01
 -6.54750714e+00 -1.47194356e+01 2.93400842e+01
 -6.48520858e+00 -1.47189676e+01 2.93394260e+01
 -6.40817526e+00 -1.47436554e+01 2.95057325e+01
 -6.34601728e+00 -1.47431882e+01 2.95050766e+01
 -6.28385818e+00 -1.47427209e+01 2.95044207e+01
 -6.22169796e+00 -1.47422537e+01 2.95037648e+01
 -6.13135799e+00 -1.47918454e+01 2.98353374e+01
 -6.06947977e+00 -1.47913797e+01 2.98346861e+01
 -6.00760044e+00 -1.47909139e+01 2.98340347e+01
 -5.95935942e+00 -1.47654595e+01 2.96675477e+01
 -5.88383842e+00 -1.47899825e+01 2.98327319e+01
 -5.80864586e+00 -1.48144215e+01 2.99973523e+01
 -5.76007195e+00 -1.47890510e+01 2.98314290e+01
 -5.71125888e+00 -1.47635934e+01 2.96649330e+01
 -5.63630101e+00 -1.47881196e+01 2.98301261e+01
 -5.57441387e+00 -1.47876538e+01 2.98294747e+01
 -5.51252561e+00 -1.47871880e+01 2.98288232e+01
 -5.45063623e+00 -1.47867223e+01 2.98281717e+01
 -5.37642584e+00 -1.48111666e+01 2.99928079e+01
 -5.33907447e+00 -1.47607942e+01 2.96610106e+01
 -5.27703982e+00 -1.47603276e+01 2.96603568e+01
 -5.21500405e+00 -1.47598611e+01 2.96597031e+01
 -5.15296715e+00 -1.47593945e+01 2.96590493e+01
 -5.09092914e+00 -1.47589279e+01 2.96583955e+01
 -5.02889001e+00 -1.47584613e+01 2.96577417e+01
 -4.96684976e+00 -1.47579947e+01 2.96570879e+01
 -4.90480839e+00 -1.47575281e+01 2.96564341e+01
 -4.84276590e+00 -1.47570615e+01 2.96557802e+01
 -4.74800617e+00 -1.48313489e+01 3.01510599e+01
 -4.68638589e+00 -1.48308846e+01 3.01504128e+01
 -4.62476449e+00 -1.48304203e+01 3.01497657e+01
 -4.56314199e+00 -1.48299560e+01 3.01491186e+01
 -4.50151838e+00 -1.48294917e+01 3.01484715e+01
 -4.43989366e+00 -1.48290273e+01 3.01478244e+01
 -4.37826784e+00 -1.48285630e+01 3.01471773e+01
 -4.31664090e+00 -1.48280987e+01 3.01465302e+01
 -4.24530620e+00 -1.48523883e+01 3.03100830e+01
 -4.18381759e+00 -1.48519247e+01 3.03094381e+01
 -4.12232788e+00 -1.48514611e+01 3.03087932e+01
 -4.07012208e+00 -1.48262413e+01 3.01439416e+01
 -4.00848960e+00 -1.48257769e+01 3.01432944e+01
 -3.95589076e+00 -1.48004699e+01 2.99778733e+01
 -3.91199417e+00 -1.47500617e+01 2.96459718e+01
 -3.84993376e+00 -1.47495950e+01 2.96453178e+01
 -3.78787224e+00 -1.47491283e+01 2.96446638e+01
 -3.72580959e+00 -1.47486616e+01 2.96440099e+01
 -3.66374582e+00 -1.47481949e+01 2.96433559e+01
 -3.60168093e+00 -1.47477281e+01 2.96427019e+01
 -3.53961492e+00 -1.47472614e+01 2.96420478e+01
 -3.47754779e+00 -1.47467946e+01 2.96413938e+01
 -3.41547954e+00 -1.47463279e+01 2.96407398e+01
 -3.35341017e+00 -1.47458611e+01 2.96400858e+01
 -3.29133968e+00 -1.47453944e+01 2.96394317e+01
 -3.22926807e+00 -1.47449276e+01 2.96387777e+01
 -3.16719534e+00 -1.47444608e+01 2.96381236e+01
 -3.10512149e+00 -1.47439941e+01 2.96374695e+01
 -3.04304652e+00 -1.47435273e+01 2.96368154e+01
 -2.98097043e+00 -1.47430605e+01 2.96361613e+01
 -2.91889321e+00 -1.47425937e+01 2.96355072e+01
 -2.85681488e+00 -1.47421269e+01 2.96348531e+01
 -2.77560727e+00 -1.48164883e+01 3.01303492e+01
 -2.71395151e+00 -1.48160238e+01 3.01297018e+01
 -2.64624342e+00 -1.48403332e+01 3.02933125e+01
 -2.57296530e+00 -1.48891658e+01 3.06195106e+01
 -2.51172673e+00 -1.48887036e+01 3.06188699e+01
 -2.45048706e+00 -1.48882414e+01 3.06182292e+01
 -2.38924629e+00 -1.48877791e+01 3.06175884e+01
 -2.32800443e+00 -1.48873169e+01 3.06169477e+01
 -2.27712286e+00 -1.48375507e+01 3.02894416e+01
 -2.21054956e+00 -1.48617817e+01 3.04525100e+01
 -2.15407383e+00 -1.48366231e+01 3.02881512e+01
 -2.09254766e+00 -1.48361593e+01 3.02875060e+01
 -2.03566497e+00 -1.48109139e+01 3.01225804e+01
 -1.97851525e+00 -1.47855821e+01 2.99570871e+01
 -1.91670390e+00 -1.47851167e+01 2.99564374e+01
 -1.86340916e+00 -1.47346571e+01 2.96243862e+01
 -1.78898205e+00 -1.48090556e+01 3.01199905e+01
 -1.72336741e+00 -1.48333764e+01 3.02836346e+01
 -1.66563393e+00 -1.48081264e+01 3.01186955e+01
 -1.60029849e+00 -1.48324488e+01 3.02823441e+01
 -1.53876237e+00 -1.48319849e+01 3.02816988e+01
 -1.48060344e+00 -1.48067326e+01 3.01167529e+01
 -1.41892439e+00 -1.48062680e+01 3.01161054e+01
 -1.35724423e+00 -1.48058033e+01 3.01154579e+01
 -1.29556296e+00 -1.48053387e+01 3.01148103e+01
 -1.23954038e+00 -1.47550355e+01 2.97838511e+01
 -1.18027629e+00 -1.47295207e+01 2.96171889e+01
 -1.11560646e+00 -1.47541031e+01 2.97825470e+01
 -1.05363782e+00 -1.47536369e+01 2.97818949e+01
 -9.91668062e-01 -1.47531707e+01 2.97812428e+01
 -9.31830712e-01 -1.47276527e+01 2.96145714e+01
 -8.63763010e-01 -1.48020860e+01 3.01102772e+01
 -8.05752090e-01 -1.47517720e+01 2.97792864e+01
 -7.43777864e-01 -1.47513057e+01 2.97786343e+01
 -6.83367191e-01 -1.47257847e+01 2.96119538e+01
 -6.19826061e-01 -1.47503732e+01 2.97773300e+01
 -5.59128703e-01 -1.47248506e+01 2.96106449e+01
 -4.97007777e-01 -1.47243835e+01 2.96099905e+01
 -4.34885730e-01 -1.47239165e+01 2.96093360e+01
 -3.73619017e-01 -1.46983044e+01 2.94420697e+01
 -3.10638271e-01 -1.47229824e+01 2.96080271e+01
 -2.47376760e-01 -1.47725499e+01 2.99388919e+01
 -1.85534241e-01 -1.47720844e+01 2.99382419e+01
 -1.24258673e-01 -1.47215811e+01 2.96060636e+01
 -6.21298971e-02 -1.47211140e+01 2.96054091e+01
 0.00000000e+00 -1.47457103e+01 2.97708079e+01
 6.19887526e-02 -1.47452440e+01 2.97701557e+01
 1.23978623e-01 -1.47447777e+01 2.97695034e+01
 1.85969611e-01 -1.47443114e+01 2.97688511e+01
 2.47961716e-01 -1.47438450e+01 2.97681989e+01
 3.09954940e-01 -1.47433787e+01 2.97675466e+01
 3.72802935e-01 -1.47178442e+01 2.96008273e+01
 4.34940683e-01 -1.47173771e+01 2.96001727e+01
 4.95941316e-01 -1.47419796e+01 2.97655897e+01
 5.57939010e-01 -1.47415132e+01 2.97649373e+01
 6.19937823e-01 -1.47410468e+01 2.97642850e+01
 6.81937753e-01 -1.47405804e+01 2.97636327e+01
 7.43938800e-01 -1.47401140e+01 2.97629803e+01
 8.05940966e-01 -1.47396476e+01 2.97623280e+01
 8.67944250e-01 -1.47391812e+01 2.97616756e+01
 9.29948651e-01 -1.47387148e+01 2.97610232e+01
 9.91954171e-01 -1.47382484e+01 2.97603708e+01
 1.05396081e+00 -1.47377820e+01 2.97597184e+01
 1.11596856e+00 -1.47373155e+01 2.97590660e+01
 1.17797744e+00 -1.47368491e+01 2.97584136e+01
 1.23998743e+00 -1.47363827e+01 2.97577612e+01
 1.30199854e+00 -1.47359162e+01 2.97571088e+01
 1.36401077e+00 -1.47354498e+01 2.97564563e+01
 1.42602411e+00 -1.47349833e+01 2.97558039e+01
 1.48803858e+00 -1.47345168e+01 2.97551514e+01
 1.55005416e+00 -1.47340503e+01 2.97544990e+01
 1.61207086e+00 -1.47335839e+01 2.97538465e+01
 1.67408868e+00 -1.47331174e+01 2.97531940e+01
 1.73610761e+00 -1.47326509e+01 2.97525415e+01
 1.79812767e+00 -1.47321844e+01 2.97518890e+01
 1.86014884e+00 -1.47317179e+01 2.97512365e+01
 1.92217113e+00 -1.47312514e+01 2.97505840e+01
 1.98419454e+00 -1.47307848e+01 2.97499315e+01
 2.04621907e+00 -1.47303183e+01 2.97492789e+01
 2.10824472e+00 -1.47298518e+01 2.97486264e+01
 2.17525311e+00 -1.47042946e+01 2.95818410e+01
 2.22719291e+00 -1.47539241e+01 2.99128867e+01
 2.29432837e+00 -1.47284522e+01 2.97466687e+01
 2.35635849e+00 -1.47279856e+01 2.97460161e+01
 2.41838973e+00 -1.47275190e+01 2.97453635e+01
 2.48042208e+00 -1.47270525e+01 2.97447109e+01
 2.54245556e+00 -1.47265859e+01 2.97440583e+01
 2.61046868e+00 -1.47010232e+01 2.95772570e+01
 2.66652587e+00 -1.47256527e+01 2.97427531e+01
 2.72856270e+00 -1.47251861e+01 2.97421005e+01
 2.79060065e+00 -1.47247195e+01 2.97414478e+01
 2.83961043e+00 -1.47741936e+01 3.00714044e+01
 2.89474496e+00 -1.47985716e+01 3.02352157e+01
 2.95636184e+00 -1.47981073e+01 3.02345698e+01
 3.01109917e+00 -1.48224029e+01 3.03978267e+01
 3.07257775e+00 -1.48219393e+01 3.03971830e+01
 3.13405743e+00 -1.48214758e+01 3.03965393e+01
 3.19553822e+00 -1.48210122e+01 3.03958956e+01
 3.25702010e+00 -1.48205487e+01 3.03952518e+01
 3.31850309e+00 -1.48200851e+01 3.03946081e+01
 3.37998719e+00 -1.48196215e+01 3.03939644e+01
 3.44147239e+00 -1.48191579e+01 3.03933206e+01
 3.49498105e+00 -1.48433760e+01 3.05560391e+01
 3.57259155e+00 -1.47934640e+01 3.02281102e+01
 3.64253498e+00 -1.47681473e+01 3.00629779e+01
 3.70430618e+00 -1.47676821e+01 3.00623296e+01
 3.76607850e+00 -1.47672170e+01 3.00616813e+01
 3.82785192e+00 -1.47667518e+01 3.00610330e+01
 3.88962646e+00 -1.47662866e+01 3.00603848e+01
 3.95140211e+00 -1.47658215e+01 3.00597365e+01
 4.01317887e+00 -1.47653563e+01 3.00590882e+01
 4.07495674e+00 -1.47648911e+01 3.00584399e+01
 4.13673573e+00 -1.47644259e+01 3.00577915e+01
 4.19851582e+00 -1.47639607e+01 3.00571432e+01
 4.26029703e+00 -1.47634955e+01 3.00564949e+01
 4.32207935e+00 -1.47630303e+01 3.00558465e+01
 4.38386277e+00 -1.47625651e+01 3.00551982e+01
 4.44564732e+00 -1.47620999e+01 3.00545498e+01
 4.49714373e+00 -1.47864978e+01 3.02184191e+01
 4.56921973e+00 -1.47611694e+01 3.00532531e+01
 4.64161528e+00 -1.47357542e+01 2.98875182e+01
 4.70354585e+00 -1.47352882e+01 2.98868676e+01
 4.76547754e+00 -1.47348222e+01 2.98862169e+01
 4.83848068e+00 -1.47093181e+01 2.97199058e+01
 4.88934425e+00 -1.47338901e+01 2.98849155e+01
 4.95127928e+00 -1.47334241e+01 2.98842649e+01
 5.01321543e+00 -1.47329580e+01 2.98836142e+01
 5.07515269e+00 -1.47324919e+01 2.98829635e+01
 5.13709107e+00 -1.47320259e+01 2.98823128e+01
 5.19903056e+00 -1.47315598e+01 2.98816620e+01
 5.26097117e+00 -1.47310937e+01 2.98810113e+01
 5.32291290e+00 -1.47306277e+01 2.98803606e+01
 5.38485574e+00 -1.47301616e+01 2.98797098e+01
 5.44679969e+00 -1.47296955e+01 2.98790591e+01
 5.50874476e+00 -1.47292294e+01 2.98784083e+01
 5.57069095e+00 -1.47287633e+01 2.98777575e+01
 5.60693534e+00 -1.47781365e+01 3.02067873e+01
 5.68157157e+00 -1.47527941e+01 3.00415807e+01
 5.75653621e+00 -1.47273649e+01 2.98758052e+01
 5.80518845e+00 -1.47518634e+01 3.00402836e+01
 5.86699857e+00 -1.47513980e+01 3.00396350e+01
 5.91527450e+00 -1.47758135e+01 3.02035557e+01
 5.97694566e+00 -1.47753489e+01 3.02029094e+01
 6.03861792e+00 -1.47748843e+01 3.02022630e+01
 6.08638010e+00 -1.47992179e+01 3.03656309e+01
 6.14791387e+00 -1.47987541e+01 3.03649868e+01
 6.20944874e+00 -1.47982902e+01 3.03643427e+01
 6.27098473e+00 -1.47978263e+01 3.03636985e+01
 6.33252181e+00 -1.47973624e+01 3.03630544e+01
 6.39406000e+00 -1.47968986e+01 3.03624102e+01
 6.45559930e+00 -1.47964347e+01 3.03617660e+01
 6.51713970e+00 -1.47959708e+01 3.03611218e+01
 6.57868120e+00 -1.47955069e+01 3.03604776e+01
 6.64022381e+00 -1.47950430e+01 3.03598334e+01
 6.70176752e+00 -1.47945791e+01 3.03591892e+01
 6.77877154e+00 -1.47693085e+01 3.01945062e+01
 6.84045821e+00 -1.47688438e+01 3.01938597e+01
 6.91794060e+00 -1.47434859e+01 3.00286081e+01
 6.99576126e+00 -1.47180410e+01 2.98627873e+01
 7.05773423e+00 -1.47175748e+01 2.98621364e+01
 7.13603823e+00 -1.46920418e+01 2.96957411e+01
 7.19815566e+00 -1.46915747e+01 2.96950879e+01
 7.26027421e+00 -1.46911077e+01 2.96944346e+01
 7.32239388e+00 -1.46906406e+01 2.96937813e+01
 7.38451467e+00 -1.46901735e+01 2.96931280e+01
 7.44663658e+00 -1.46897065e+01 2.96924747e+01
 7.50875961e+00 -1.46892394e+01 2.96918214e+01
 7.57088376e+00 -1.46887723e+01 2.96911681e+01
 7.61554121e+00 -1.47133782e+01 2.98562771e+01
 7.71280612e+00 -1.46626780e+01 2.95235261e+01
 7.75726293e+00 -1.46873710e+01 2.96892081e+01
 7.81939156e+00 -1.46869039e+01 2.96885547e+01
 7.89962027e+00 -1.46612744e+01 2.95215592e+01
 7.96189391e+00 -1.46608064e+01 2.95209036e+01
 8.02416867e+00 -1.46603385e+01 2.95202479e+01
 8.12369108e+00 -1.46092803e+01 2.91851703e+01
 8.16745597e+00 -1.46341504e+01 2.93520117e+01
 8.24882028e+00 -1.46083413e+01 2.91838497e+01
 8.29229991e+00 -1.46332129e+01 2.93506957e+01
 8.35472356e+00 -1.46327442e+01 2.93500377e+01
 8.45596385e+00 -1.45815023e+01 2.90137783e+01
 8.49909227e+00 -1.46064632e+01 2.91812086e+01
 8.54200131e+00 -1.46313380e+01 2.93480637e+01
 8.56502255e+00 -1.46812981e+01 2.96807138e+01
 8.62716575e+00 -1.46808309e+01 2.96800603e+01
 8.70926523e+00 -1.46551911e+01 2.95130351e+01
 8.77155349e+00 -1.46547231e+01 2.95123794e+01
 8.83384286e+00 -1.46542551e+01 2.95117236e+01
 8.89613337e+00 -1.46537871e+01 2.95110678e+01
 9.02043054e+00 -1.45772692e+01 2.90078144e+01
 9.10411139e+00 -1.45512723e+01 2.88384552e+01
 9.16698155e+00 -1.45508011e+01 2.88377901e+01
 9.22985285e+00 -1.45503299e+01 2.88371251e+01
 9.31419070e+00 -1.45242411e+01 2.86671706e+01
 9.35559887e+00 -1.45493875e+01 2.88357950e+01
 9.41847360e+00 -1.45489163e+01 2.88351299e+01
 9.48134946e+00 -1.45484451e+01 2.88344648e+01
 9.54422646e+00 -1.45479739e+01 2.88337997e+01
 9.60710461e+00 -1.45475027e+01 2.88331346e+01
 9.64772373e+00 -1.45725652e+01 2.90011870e+01
 9.68813170e+00 -1.45975410e+01 2.91686610e+01
 9.77319601e+00 -1.45716243e+01 2.89998614e+01
 9.83593386e+00 -1.45711538e+01 2.89991986e+01
 9.89867284e+00 -1.45706834e+01 2.89985358e+01
 9.98439744e+00 -1.45446752e+01 2.88291439e+01
 1.00011048e+01 -1.45951926e+01 2.91653585e+01
 1.00637028e+01 -1.45947229e+01 2.91646980e+01
 1.01730593e+01 -1.45432614e+01 2.88271484e+01
 1.02833228e+01 -1.44914418e+01 2.84872450e+01
 1.03465048e+01 -1.44909689e+01 2.84865752e+01
 1.04337916e+01 -1.44646860e+01 2.83153946e+01
 1.04728722e+01 -1.44900231e+01 2.84852354e+01
 1.05604542e+01 -1.44637386e+01 2.83140501e+01
 1.06237872e+01 -1.44632649e+01 2.83133778e+01
 1.06871213e+01 -1.44627912e+01 2.83127056e+01
 1.07753792e+01 -1.44364133e+01 2.81409154e+01
 1.08388626e+01 -1.44359387e+01 2.81402407e+01
 1.08771308e+01 -1.44613699e+01 2.83106886e+01
 1.09404695e+01 -1.44608962e+01 2.83100163e+01
 1.10038095e+01 -1.44604224e+01 2.83093440e+01
 1.10928079e+01 -1.44340404e+01 2.81375419e+01
 1.11562971e+01 -1.44335659e+01 2.81368672e+01
 1.11938362e+01 -1.44590011e+01 2.83073269e+01
 1.13357498e+01 -1.43805230e+01 2.77914449e+01
 1.14260601e+01 -1.43538620e+01 2.76178207e+01
 1.14899980e+01 -1.43533850e+01 2.76171388e+01
 1.15539371e+01 -1.43529079e+01 2.76164568e+01
 1.16449399e+01 -1.43261515e+01 2.74422147e+01
 1.16818187e+01 -1.43519538e+01 2.76150929e+01
 1.17457613e+01 -1.43514767e+01 2.76144109e+01
 1.18372149e+01 -1.43247178e+01 2.74401615e+01
 1.19013089e+01 -1.43242399e+01 2.74394771e+01
 1.19654041e+01 -1.43237620e+01 2.74387926e+01
 1.20295004e+01 -1.43232840e+01 2.74381082e+01
 1.20935980e+01 -1.43228061e+01 2.74374237e+01
 1.21860515e+01 -1.42959496e+01 2.72625482e+01
 1.21933922e+01 -1.43481369e+01 2.76096367e+01
 1.22858976e+01 -1.43213722e+01 2.74353703e+01
 1.24077090e+01 -1.42680392e+01 2.70856743e+01
 1.24430566e+01 -1.42940345e+01 2.72598005e+01
 1.25365166e+01 -1.42670799e+01 2.70842955e+01
 1.26303820e+01 -1.42400301e+01 2.69081676e+01
 1.26653290e+01 -1.42661206e+01 2.70829167e+01
 1.27893647e+01 -1.42124031e+01 2.67307189e+01
 1.28240580e+01 -1.42385886e+01 2.69060919e+01
 1.28886191e+01 -1.42381081e+01 2.69054000e+01
 1.30139297e+01 -1.41841960e+01 2.65519387e+01
 1.30787962e+01 -1.41837138e+01 2.65512419e+01
 1.31745048e+01 -1.41563716e+01 2.63732148e+01
 1.32706296e+01 -1.41289322e+01 2.61945513e+01
 1.33045485e+01 -1.41554055e+01 2.63718160e+01
 1.34009816e+01 -1.41279644e+01 2.61931474e+01
 1.35296224e+01 -1.40732734e+01 2.58345941e+01
 1.35631667e+01 -1.40999405e+01 2.60131345e+01
 1.35965186e+01 -1.41265126e+01 2.61910416e+01
 1.37260855e+01 -1.40718165e+01 2.58324730e+01
 1.37591714e+01 -1.40984861e+01 2.60110210e+01
 1.38570669e+01 -1.40708452e+01 2.58310589e+01
 1.39225595e+01 -1.40703596e+01 2.58303519e+01
 1.39880533e+01 -1.40698739e+01 2.58296448e+01
