 -5.84939583e-01 5.59666948e-01 5.29189090e-03
 -5.81214355e-01 5.58621796e-01 3.53228090e-03
 -5.77393597e-01 5.57644993e-01 2.03253973e-03
 -5.73480819e-01 5.56735601e-01 7.87956301e-04
 -5.69479527e-01 5.55892626e-01 -2.06308075e-04
 -5.65393214e-01 5.55115024e-01 -9.55212090e-04
 -5.61225363e-01 5.54401701e-01 -1.46382694e-03
 -5.56979439e-01 5.53751519e-01 -1.73732884e-03
 -5.52658886e-01 5.53163294e-01 -1.78099164e-03
 -5.48267125e-01 5.52635802e-01 -1.60017946e-03
 -5.43807547e-01 5.52167779e-01 -1.20033952e-03
 -5.39283516e-01 5.51757927e-01 -5.86994915e-04
 -5.34698358e-01 5.51404913e-01 2.34262307e-04
 -5.30055365e-01 5.51107373e-01 1.25777807e-03
 -5.25357788e-01 5.50863915e-01 2.47784301e-03
 -5.20608835e-01 5.50673120e-01 3.88869903e-03
 -5.15811671e-01 5.50533546e-01 5.48454576e-03
 -5.10969411e-01 5.50443729e-01 7.25954677e-03
 -5.06085123e-01 5.50402185e-01 9.20783569e-03
 -5.01161822e-01 5.50407413e-01 1.13235221e-02
 -4.96202469e-01 5.50457898e-01 1.36006971e-02
 -4.91209972e-01 5.50552110e-01 1.60334391e-02
 -4.86187178e-01 5.50688510e-01 1.86158187e-02
 -4.81136879e-01 5.50865548e-01 2.13419044e-02
 -4.76061805e-01 5.51081668e-01 2.42057667e-02
 -4.70964626e-01 5.51335309e-01 2.72014834e-02
 -4.65847948e-01 5.51624904e-01 3.03231439e-02
 -4.60714315e-01 5.51948886e-01 3.35648532e-02
 -4.55566207e-01 5.52305686e-01 3.69207364e-02
 -4.50406037e-01 5.52693737e-01 4.03849420e-02
 -4.45236154e-01 5.53111474e-01 4.39516458e-02
 -4.40058841e-01 5.53557335e-01 4.76150543e-02
 -4.34876312e-01 5.54029764e-01 5.13694077e-02
 -4.29690718e-01 5.54527211e-01 5.52089831e-02
 -4.24504138e-01 5.55048133e-01 5.91280969e-02
 -4.19318587e-01 5.55590993e-01 6.31211075e-02
 -4.14136012e-01 5.56154268e-01 6.71824180e-02
 -4.08958291e-01 5.56736442e-01 7.13064776e-02
 -4.03787237e-01 5.57336009e-01 7.54877841e-02
 -3.98624594e-01 5.57951478e-01 7.97208855e-02
 -3.93472039e-01 5.58581369e-01 8.40003814e-02
 -3.88331185e-01 5.59224213e-01 8.83209244e-02
 -3.83203576e-01 5.59878557e-01 9.26772214e-02
 -3.78090691e-01 5.60542961e-01 9.70640346e-02
 -3.72993946e-01 5.61216001e-01 1.01476182e-01
 -3.67914688e-01 5.61896266e-01 1.05908538e-01
 -3.62854205e-01 5.62582360e-01 1.10356036e-01
 -3.57813718e-01 5.63272903e-01 1.14813663e-01
 -3.52794387e-01 5.63966530e-01 1.19276468e-01
 -3.47797308e-01 5.64661893e-01 1.23739555e-01
 -3.42823520e-01 5.65357658e-01 1.28198085e-01
 -3.37873996e-01 5.66052506e-01 1.32647278e-01
 -3.32949653e-01 5.66745136e-01 1.37082410e-01
 -3.28051349e-01 5.67434261e-01 1.41498812e-01
 -3.23179883e-01 5.68118607e-01 1.45891873e-01
 -3.18335997e-01 5.68796920e-01 1.50257033e-01
 -3.13520377e-01 5.69467955e-01 1.54589790e-01
 -3.08733654e-01 5.70130485e-01 1.58885691e-01
 -3.03976404e-01 5.70783297e-01 1.63140335e-01
 -2.99248194e-01 5.71425890e-01 1.67354369e-01
 -2.94578889e-01 5.72204842e-01 1.71367954e-01
 -2.89910884e-01 5.72822888e-01 1.75482305e-01
 -2.85272203e-01 5.73429305e-01 1.79549021e-01
 -2.80662476e-01 5.74024250e-01 1.83568179e-01
 -2.76081333e-01 5.74607881e-01 1.87539854e-01
 -2.71528404e-01 5.75180350e-01 1.91464118e-01
 -2.67003321e-01 5.75741812e-01 1.95341045e-01
 -2.62505718e-01 5.76292416e-01 1.99170704e-01
 -2.58035227e-01 5.76832310e-01 2.02953167e-01
 -2.53591484e-01 5.77361642e-01 2.06688501e-01
 -2.49174123e-01 5.77880555e-01 2.10376772e-01
 -2.44782783e-01 5.78389194e-01 2.14018046e-01
 -2.40417099e-01 5.78887698e-01 2.17612387e-01
 -2.36076711e-01 5.79376208e-01 2.21159857e-01
 -2.31761258e-01 5.79854860e-01 2.24660515e-01
 -2.27470379e-01 5.80323789e-01 2.28114420e-01
 -2.23203715e-01 5.80783131e-01 2.31521628e-01
 -2.18960910e-01 5.81233016e-01 2.34882195e-01
 -2.14741604e-01 5.81673575e-01 2.38196174e-01
 -2.10545441e-01 5.82104937e-01 2.41463614e-01
 -2.06372066e-01 5.82527229e-01 2.44684566e-01
 -2.02221124e-01 5.82940577e-01 2.47859075e-01
 -1.98092259e-01 5.83345103e-01 2.50987187e-01
 -1.93985120e-01 5.83740931e-01 2.54068944e-01
 -1.89899352e-01 5.84128181e-01 2.57104386e-01
 -1.85834604e-01 5.84506971e-01 2.60093551e-01
 -1.81790524e-01 5.84877421e-01 2.63036475e-01
 -1.77766761e-01 5.85239645e-01 2.65933191e-01
 -1.73762966e-01 5.85593758e-01 2.68783730e-01
 -1.69778787e-01 5.85939873e-01 2.71588120e-01
 -1.65813878e-01 5.86278103e-01 2.74346387e-01
 -1.61867888e-01 5.86608557e-01 2.77058554e-01
 -1.57940470e-01 5.86931344e-01 2.79724643e-01
 -1.54031277e-01 5.87246573e-01 2.82344670e-01
 -1.50139961e-01 5.87554348e-01 2.84918651e-01
 -1.46266176e-01 5.87854776e-01 2.87446599e-01
 -1.42409576e-01 5.88147959e-01 2.89928523e-01
 -1.38569814e-01 5.88434000e-01 2.92364430e-01
 -1.34746545e-01 5.88713000e-01 2.94754323e-01
 -1.30939425e-01 5.88985060e-01 2.97098204e-01
 -1.27148108e-01 5.89250277e-01 2.99396070e-01
 -1.23372249e-01 5.89508750e-01 3.01647915e-01
 -1.19611505e-01 5.89760574e-01 3.03853732e-01
 -1.15865531e-01 5.90005845e-01 3.06013509e-01
 -1.12133982e-01 5.90244658e-01 3.08127230e-01
 -1.08416515e-01 5.90477104e-01 3.10194877e-01
 -1.04712785e-01 5.90703277e-01 3.12216429e-01
 -1.01022450e-01 5.90923267e-01 3.14191861e-01
 -9.73451644e-02 5.91137163e-01 3.16121144e-01
 -9.36805847e-02 5.91345056e-01 3.18004246e-01
 -9.00283668e-02 5.91547033e-01 3.19841132e-01
 -8.63881665e-02 5.91743181e-01 3.21631762e-01
 -8.27596230e-02 5.91933625e-01 3.23376374e-01
 -7.91334393e-02 5.91937545e-01 3.25234108e-01
 -7.55276490e-02 5.92116825e-01 3.26885245e-01
 -7.19324950e-02 5.92290443e-01 3.28489929e-01
 -6.83476304e-02 5.92458382e-01 3.30048133e-01
 -6.47727080e-02 5.92620626e-01 3.31559823e-01
 -6.12073807e-02 5.92777157e-01 3.33024962e-01
 -5.76513011e-02 5.92927958e-01 3.34443509e-01
 -5.41041214e-02 5.93073011e-01 3.35815417e-01
 -5.05654938e-02 5.93212297e-01 3.37140635e-01
 -4.70350699e-02 5.93345797e-01 3.38419107e-01
 -4.35125011e-02 5.93473491e-01 3.39650774e-01
 -3.99974381e-02 5.93595360e-01 3.40835570e-01
 -3.64895312e-02 5.93711383e-01 3.41973427e-01
 -3.29884303e-02 5.93821539e-01 3.43064270e-01
 -2.94937842e-02 5.93925806e-01 3.44108020e-01
 -2.60052415e-02 5.94024162e-01 3.45104594e-01
 -2.25224497e-02 5.94116583e-01 3.46053902e-01
 -1.90450556e-02 5.94203048e-01 3.46955852e-01
 -1.55727052e-02 5.94283532e-01 3.47810345e-01
 -1.21050434e-02 5.94358011e-01 3.48617277e-01
 -8.64171416e-03 5.94426459e-01 3.49376541e-01
 -5.18236044e-03 5.94488851e-01 3.50088023e-01
 -1.72662400e-03 5.94545161e-01 3.50751604e-01
 1.72585456e-03 5.94595362e-01 3.51367160e-01
 5.17543592e-03 5.94639427e-01 3.51934562e-01
 8.62248207e-03 5.94677328e-01 3.52453677e-01
 1.20673564e-02 5.94709036e-01 3.52924364e-01
 1.55104237e-02 5.94734522e-01 3.53346479e-01
 1.89520504e-02 5.94753755e-01 3.53719870e-01
 2.23926044e-02 5.94766706e-01 3.54044383e-01
 2.58324554e-02 5.94773343e-01 3.54319854e-01
 2.92719747e-02 5.94773634e-01 3.54546117e-01
 3.27115354e-02 5.94767546e-01 3.54723000e-01
 3.61515127e-02 5.94755047e-01 3.54850322e-01
 3.95922836e-02 5.94736101e-01 3.54927899e-01
 4.30342271e-02 5.94710675e-01 3.54955542e-01
 4.64777243e-02 5.94678732e-01 3.54933052e-01
 4.99231585e-02 5.94640236e-01 3.54860227e-01
 5.33709155e-02 5.94595150e-01 3.54736859e-01
 5.68213831e-02 5.94543437e-01 3.54562732e-01
 6.02749518e-02 5.94485058e-01 3.54337625e-01
 6.37320143e-02 5.94419973e-01 3.54061309e-01
 6.71929663e-02 5.94348141e-01 3.53733550e-01
 7.06582059e-02 5.94269523e-01 3.53354107e-01
 7.41281341e-02 5.94184075e-01 3.52922732e-01
 7.76031546e-02 5.94091755e-01 3.52439171e-01
 8.10836742e-02 5.93992520e-01 3.51903162e-01
 8.45701028e-02 5.93886324e-01 3.51314436e-01
 8.80628533e-02 5.93773123e-01 3.50672717e-01
 9.15623418e-02 5.93652869e-01 3.49977724e-01
 9.50689879e-02 5.93525515e-01 3.49229165e-01
 9.85887347e-02 5.93379986e-01 3.48349267e-01
 1.02111138e-01 5.93238332e-01 3.47493004e-01
 1.05640062e-01 5.93062621e-01 3.46607376e-01
 1.09179347e-01 5.92907058e-01 3.45646407e-01
 1.12727568e-01 5.92744769e-01 3.44634590e-01
 1.16285022e-01 5.92575904e-01 3.43572932e-01
 1.19851997e-01 5.92400615e-01 3.42462436e-01
 1.23428770e-01 5.92219052e-01 3.41304106e-01
 1.27015608e-01 5.92031363e-01 3.40098942e-01
 1.30612769e-01 5.91837700e-01 3.38847943e-01
 1.34220500e-01 5.91638212e-01 3.37552108e-01
 1.37839039e-01 5.91433050e-01 3.36212435e-01
 1.41468615e-01 5.91222365e-01 3.34829922e-01
 1.45109444e-01 5.91006305e-01 3.33405568e-01
 1.48761734e-01 5.90785024e-01 3.31940370e-01
 1.52425683e-01 5.90558671e-01 3.30435330e-01
 1.56101479e-01 5.90327399e-01 3.28891448e-01
 1.59789298e-01 5.90091359e-01 3.27309727e-01
 1.63489308e-01 5.89850704e-01 3.25691171e-01
 1.67201665e-01 5.89605586e-01 3.24036789e-01
 1.70926515e-01 5.89356159e-01 3.22347588e-01
 1.74663995e-01 5.89102577e-01 3.20624583e-01
 1.78414230e-01 5.88844995e-01 3.18868788e-01
 1.82177334e-01 5.88583567e-01 3.17081223e-01
 1.85953411e-01 5.88318450e-01 3.15262911e-01
 1.89742555e-01 5.88049800e-01 3.13414879e-01
 1.93544849e-01 5.87777775e-01 3.11538158e-01
 1.97360362e-01 5.87502532e-01 3.09633783e-01
 2.01189157e-01 5.87224231e-01 3.07702796e-01
 2.05031281e-01 5.86943032e-01 3.05746242e-01
 2.08886774e-01 5.86659095e-01 3.03765172e-01
 2.12755662e-01 5.86372582e-01 3.01760642e-01
 2.16637960e-01 5.86083656e-01 2.99733715e-01
 2.20533672e-01 5.85792479e-01 2.97685458e-01
 2.24442791e-01 5.85499217e-01 2.95616947e-01
 2.28365295e-01 5.85204035e-01 2.93529261e-01
 2.32301155e-01 5.84907099e-01 2.91423488e-01
 2.36250327e-01 5.84608578e-01 2.89300722e-01
 2.40212754e-01 5.84308639e-01 2.87162063e-01
 2.44188369e-01 5.84007453e-01 2.85008619e-01
 2.48177093e-01 5.83705191e-01 2.82841505e-01
 2.52178833e-01 5.83402024e-01 2.80661843e-01
 2.56193483e-01 5.83098125e-01 2.78470764e-01
 2.60220926e-01 5.82793670e-01 2.76269404e-01
 2.64261032e-01 5.82488833e-01 2.74058909e-01
 2.68313657e-01 5.82183790e-01 2.71840432e-01
 2.72378644e-01 5.81878721e-01 2.69615133e-01
 2.76455825e-01 5.81573803e-01 2.67384183e-01
 2.80545017e-01 5.81269217e-01 2.65148756e-01
 2.84646024e-01 5.80965144e-01 2.62910040e-01
 2.88758635e-01 5.80661767e-01 2.60669227e-01
 2.92882629e-01 5.80359270e-01 2.58427519e-01
 2.97017767e-01 5.80057837e-01 2.56186126e-01
 3.01164005e-01 5.79757510e-01 2.53945260e-01
 3.05321518e-01 5.79458180e-01 2.51704053e-01
 3.09511316e-01 5.79259984e-01 2.49361867e-01
 3.13695261e-01 5.78960389e-01 2.47102827e-01
 3.17894024e-01 5.78659401e-01 2.44827301e-01
 3.22108847e-01 5.78356192e-01 2.42530128e-01
 3.26341028e-01 5.78049926e-01 2.40206107e-01
 3.30591928e-01 5.77739762e-01 2.37850001e-01
 3.34862969e-01 5.77424854e-01 2.35456535e-01
 3.39155632e-01 5.77104350e-01 2.33020390e-01
 3.43471464e-01 5.76777392e-01 2.30536210e-01
 3.47812075e-01 5.76443113e-01 2.27998591e-01
 3.52179139e-01 5.76100643e-01 2.25402084e-01
 3.56574397e-01 5.75749103e-01 2.22741192e-01
 3.60999655e-01 5.75387606e-01 2.20010367e-01
 3.65456791e-01 5.75015257e-01 2.17204006e-01
 3.69947750e-01 5.74631153e-01 2.14316450e-01
 3.74474549e-01 5.74234383e-01 2.11341979e-01
 3.79039280e-01 5.73824025e-01 2.08274808e-01
 3.83644107e-01 5.73399146e-01 2.05109087e-01
 3.88291274e-01 5.72958805e-01 2.01838891e-01
 3.92983101e-01 5.72502046e-01 1.98458219e-01
 3.97721991e-01 5.72027902e-01 1.94960989e-01
 4.02510429e-01 5.71535394e-01 1.91341033e-01
 4.07350987e-01 5.71023527e-01 1.87592090e-01
 4.12246325e-01 5.70491292e-01 1.83707802e-01
 4.17199196e-01 5.69937664e-01 1.79681707e-01
 4.22212445e-01 5.69361601e-01 1.75507232e-01
 4.27289017e-01 5.68762041e-01 1.71177688e-01
 4.32431957e-01 5.68137905e-01 1.66686259e-01
 4.37644415e-01 5.67488092e-01 1.62026000e-01
 4.42929652e-01 5.66811479e-01 1.57189823e-01
 4.48291039e-01 5.66106921e-01 1.52170492e-01
 4.53732068e-01 5.65373246e-01 1.46960612e-01
 4.59256351e-01 5.64609257e-01 1.41552621e-01
 4.64867629e-01 5.63813729e-01 1.35938776e-01
 4.70569775e-01 5.62985404e-01 1.30111148e-01
 4.76366801e-01 5.62122997e-01 1.24061606e-01
 4.82262865e-01 5.61225185e-01 1.17781805e-01
 4.88262274e-01 5.60290612e-01 1.11263176e-01
 4.94369497e-01 5.59317882e-01 1.04496909e-01
 5.00589165e-01 5.58305559e-01 9.74739408e-02
 5.06926087e-01 5.57252164e-01 9.01849396e-02
 5.13385249e-01 5.56156172e-01 8.26202873e-02
 5.19971834e-01 5.55016011e-01 7.47700633e-02
 5.26691220e-01 5.53830056e-01 6.66240260e-02
 5.33548999e-01 5.52596627e-01 5.81715935e-02
 5.40550986e-01 5.51313987e-01 4.94018230e-02
 5.47703227e-01 5.49980338e-01 4.03033884e-02
 5.55012014e-01 5.48593814e-01 3.08645576e-02
 5.62483899e-01 5.47152483e-01 2.10731674e-02
 5.70125707e-01 5.45654336e-01 1.09165971e-02
 5.77944551e-01 5.44097288e-01 3.81740222e-04
 5.85947849e-01 5.42479169e-01 -1.05450255e-02
 5.94143340e-01 5.40797722e-01 -2.18778702e-02
 6.02539103e-01 5.39050595e-01 -3.36315459e-02
