 -5.20007478e-01 -5.14923852e-01 1.96973382e-01
 -5.21861526e-01 -5.28792945e-01 1.80046269e-01
 -5.23403172e-01 -5.42103105e-01 1.63801604e-01
 -5.24635866e-01 -5.54850221e-01 1.48244420e-01
 -5.25563507e-01 -5.67031171e-01 1.33378544e-01
 -5.26190426e-01 -5.78643824e-01 1.19206589e-01
 -5.26521376e-01 -5.89687038e-01 1.05729956e-01
 -5.26561507e-01 -6.00160657e-01 9.29488398e-02
 -5.26316356e-01 -6.10065504e-01 8.08622383e-02
 -5.25791823e-01 -6.19403365e-01 6.94679681e-02
 -5.24994149e-01 -6.28176982e-01 5.87626817e-02
 -5.23929901e-01 -6.36390024e-01 4.87418901e-02
 -5.22605940e-01 -6.44047077e-01 3.93999888e-02
 -5.21029409e-01 -6.51153612e-01 3.07302875e-02
 -5.19207701e-01 -6.57715961e-01 2.27250423e-02
 -5.17148439e-01 -6.63741290e-01 1.53754916e-02
 -5.14859450e-01 -6.69237564e-01 8.67189470e-03
 -5.12348744e-01 -6.74213516e-01 2.60357206e-03
 -5.09624484e-01 -6.78678613e-01 -2.84105161e-03
 -5.06694968e-01 -6.82643016e-01 -7.67440281e-03
 -5.03568600e-01 -6.86117545e-01 -1.19097131e-02
 -5.00253872e-01 -6.89113641e-01 -1.55609718e-02
 -4.96759333e-01 -6.91643325e-01 -1.86428777e-02
 -4.93093574e-01 -6.93719158e-01 -2.11707904e-02
 -4.89265202e-01 -6.95354203e-01 -2.31606809e-02
 -4.85282820e-01 -6.96561981e-01 -2.46290827e-02
 -4.81155004e-01 -6.97356434e-01 -2.55930423e-02
 -4.76890288e-01 -6.97751887e-01 -2.60700710e-02
 -4.72497143e-01 -6.97763002e-01 -2.60780966e-02
 -4.67983957e-01 -6.97404746e-01 -2.56354169e-02
 -4.63359023e-01 -6.96692352e-01 -2.47606532e-02
 -4.58630518e-01 -6.95641281e-01 -2.34727057e-02
 -4.53806493e-01 -6.94267187e-01 -2.17907106e-02
 -4.48894856e-01 -6.92585883e-01 -1.97339978e-02
 -4.43903363e-01 -6.90613309e-01 -1.73220518e-02
 -4.38839602e-01 -6.88365501e-01 -1.45744724e-02
 -4.33710985e-01 -6.85858561e-01 -1.15109394e-02
 -4.28524739e-01 -6.83108626e-01 -8.15117819e-03
 -4.23287898e-01 -6.80131847e-01 -4.51492706e-03
 -4.18007293e-01 -6.76944361e-01 -6.21907732e-04
 -4.12689547e-01 -6.73562270e-01 3.50820282e-03
 -4.07341071e-01 -6.70001617e-01 7.85579807e-03
 -4.01968057e-01 -6.66278370e-01 1.24013654e-02
 -3.96576476e-01 -6.62408402e-01 1.71255077e-02
 -3.91172072e-01 -6.58407478e-01 2.20089621e-02
 -3.85760365e-01 -6.54291237e-01 2.70326176e-02
 -3.80346646e-01 -6.50075186e-01 3.21775292e-02
 -3.74935975e-01 -6.45774681e-01 3.74249316e-02
 -3.69533185e-01 -6.41404927e-01 4.27562490e-02
 -3.64142878e-01 -6.36980965e-01 4.81531045e-02
 -3.58769432e-01 -6.32517668e-01 5.35973265e-02
 -3.53416994e-01 -6.28029737e-01 5.90709536e-02
 -3.48089491e-01 -6.23531700e-01 6.45562379e-02
 -3.42790627e-01 -6.19037909e-01 7.00356454e-02
 -3.37523886e-01 -6.14562540e-01 7.54918562e-02
 -3.32291323e-01 -6.10121024e-01 8.09137990e-02
 -3.27098438e-01 -6.05724365e-01 8.62725027e-02
 -3.21946831e-01 -6.01387659e-01 9.15574004e-02
 -3.16839135e-01 -5.97124431e-01 9.67520480e-02
 -3.11777781e-01 -5.92948054e-01 1.01840187e-01
 -3.06765008e-01 -5.88871754e-01 1.06805732e-01
 -3.01802861e-01 -5.84908626e-01 1.11632764e-01
 -2.96893198e-01 -5.81071637e-01 1.16305514e-01
 -2.92037695e-01 -5.77373642e-01 1.20808350e-01
 -2.86435235e-01 -5.70144307e-01 1.29615925e-01
 -2.81702343e-01 -5.66756639e-01 1.33739641e-01
 -2.77021292e-01 -5.63516085e-01 1.37683659e-01
 -2.72389963e-01 -5.60418981e-01 1.41452484e-01
 -2.67806296e-01 -5.57461730e-01 1.45050536e-01
 -2.63268289e-01 -5.54640805e-01 1.48482153e-01
 -2.58773995e-01 -5.51952737e-01 1.51751600e-01
 -2.54321524e-01 -5.49394118e-01 1.54863064e-01
 -2.49909034e-01 -5.46961596e-01 1.57820669e-01
 -2.45534740e-01 -5.44651874e-01 1.60628470e-01
 -2.41196903e-01 -5.42461702e-01 1.63290462e-01
 -2.36893834e-01 -5.40387881e-01 1.65810580e-01
 -2.32623893e-01 -5.38427256e-01 1.68192704e-01
 -2.28385483e-01 -5.36576714e-01 1.70440664e-01
 -2.24177057e-01 -5.34833183e-01 1.72558239e-01
 -2.19997108e-01 -5.33193629e-01 1.74549159e-01
 -2.15844175e-01 -5.31655055e-01 1.76417116e-01
 -2.11716838e-01 -5.30214495e-01 1.78165755e-01
 -2.07613721e-01 -5.28869018e-01 1.79798687e-01
 -2.03533486e-01 -5.27615720e-01 1.81319483e-01
 -1.99474837e-01 -5.26451726e-01 1.82731683e-01
 -1.95436517e-01 -5.25374187e-01 1.84038795e-01
 -1.91417306e-01 -5.24380277e-01 1.85244295e-01
 -1.87416025e-01 -5.23467195e-01 1.86351634e-01
 -1.83431530e-01 -5.22632159e-01 1.87364238e-01
 -1.79462716e-01 -5.21872407e-01 1.88285507e-01
 -1.75508513e-01 -5.21185194e-01 1.89118822e-01
 -1.71567888e-01 -5.20567793e-01 1.89867541e-01
 -1.67639843e-01 -5.20017492e-01 1.90535006e-01
 -1.63723416e-01 -5.19531591e-01 1.91124543e-01
 -1.59817677e-01 -5.19107404e-01 1.91639459e-01
 -1.55921735e-01 -5.18742258e-01 1.92083052e-01
 -1.52034730e-01 -5.18433486e-01 1.92458605e-01
 -1.48155836e-01 -5.18178434e-01 1.92769390e-01
 -1.44284263e-01 -5.17974454e-01 1.93018669e-01
 -1.40419251e-01 -5.17818906e-01 1.93209698e-01
 -1.36560076e-01 -5.17709156e-01 1.93345722e-01
 -1.32706046e-01 -5.17642576e-01 1.93429982e-01
 -1.28856502e-01 -5.17616541e-01 1.93465712e-01
 -1.25010816e-01 -5.17628431e-01 1.93456145e-01
 -1.21168396e-01 -5.17675628e-01 1.93404505e-01
 -1.17328680e-01 -5.17755519e-01 1.93314018e-01
 -1.13491139e-01 -5.17865489e-01 1.93187905e-01
 -1.09655276e-01 -5.18002927e-01 1.93029388e-01
 -1.05820627e-01 -5.18165220e-01 1.92841686e-01
 -1.01988450e-01 -5.18341775e-01 1.92602505e-01
 -9.81549017e-02 -5.18545946e-01 1.92366075e-01
 -9.43213695e-02 -5.18767124e-01 1.92110081e-01
 -9.04875194e-02 -5.19002688e-01 1.91837711e-01
 -8.66530492e-02 -5.19250012e-01 1.91552155e-01
 -8.28176884e-02 -5.19506469e-01 1.91256604e-01
 -7.89811985e-02 -5.19769431e-01 1.90954252e-01
 -7.51452352e-02 -5.20067610e-01 1.90610085e-01
 -7.13058840e-02 -5.20337131e-01 1.90301965e-01
 -6.74650605e-02 -5.20608834e-01 1.89992283e-01
 -6.36227332e-02 -5.20882316e-01 1.89681517e-01
 -5.97788756e-02 -5.21157178e-01 1.89370146e-01
 -5.59334658e-02 -5.21433016e-01 1.89058649e-01
 -5.20864865e-02 -5.21709429e-01 1.88747505e-01
 -4.82379254e-02 -5.21986013e-01 1.88437194e-01
 -4.43877751e-02 -5.22262366e-01 1.88128196e-01
 -4.05360327e-02 -5.22538085e-01 1.87820991e-01
 -3.66827002e-02 -5.22812767e-01 1.87516061e-01
 -3.28277846e-02 -5.23086008e-01 1.87213885e-01
 -2.89712974e-02 -5.23357403e-01 1.86914945e-01
 -2.51132551e-02 -5.23626549e-01 1.86619722e-01
 -2.12536790e-02 -5.23893041e-01 1.86328698e-01
 -1.73925951e-02 -5.24156474e-01 1.86042356e-01
 -1.35300343e-02 -5.24416444e-01 1.85761176e-01
 -9.66603228e-03 -5.24672544e-01 1.85485642e-01
 -5.80062964e-03 -5.24924371e-01 1.85216236e-01
 -1.93387171e-03 -5.25171517e-01 1.84953441e-01
 1.93419133e-03 -5.25413578e-01 1.84697740e-01
 5.80350447e-03 -5.25650147e-01 1.84449615e-01
 9.67400785e-03 -5.25880818e-01 1.84209551e-01
 1.35456368e-02 -5.26105184e-01 1.83978030e-01
 1.74183218e-02 -5.26322840e-01 1.83755535e-01
 2.12919885e-02 -5.26533379e-01 1.83542550e-01
 2.51665578e-02 -5.26736393e-01 1.83339559e-01
 2.90419456e-02 -5.26931477e-01 1.83147044e-01
 3.29180630e-02 -5.27118224e-01 1.82965489e-01
 3.67948165e-02 -5.27296226e-01 1.82795378e-01
 4.06721074e-02 -5.27465078e-01 1.82637193e-01
 4.45498325e-02 -5.27624372e-01 1.82491417e-01
 4.84278835e-02 -5.27773701e-01 1.82358534e-01
 5.23061476e-02 -5.27912660e-01 1.82239025e-01
 5.61845070e-02 -5.28040842e-01 1.82133374e-01
 6.00628389e-02 -5.28157841e-01 1.82042062e-01
 6.39410160e-02 -5.28263250e-01 1.81965571e-01
 6.78189061e-02 -5.28356664e-01 1.81904382e-01
 7.16963722e-02 -5.28437677e-01 1.81858977e-01
 7.55732724e-02 -5.28505884e-01 1.81829836e-01
 7.94494602e-02 -5.28560879e-01 1.81817439e-01
 8.33247842e-02 -5.28602259e-01 1.81822264e-01
 8.71990883e-02 -5.28629619e-01 1.81844793e-01
 9.10722118e-02 -5.28642555e-01 1.81885501e-01
 9.49439888e-02 -5.28640663e-01 1.81944867e-01
 9.88142492e-02 -5.28623542e-01 1.82023369e-01
 1.02682818e-01 -5.28590789e-01 1.82121481e-01
 1.06549515e-01 -5.28542003e-01 1.82239678e-01
 1.10410074e-01 -5.28494218e-01 1.82435740e-01
 1.14272330e-01 -5.28412152e-01 1.82595483e-01
 1.18132154e-01 -5.28312831e-01 1.82776660e-01
 1.21989349e-01 -5.28195845e-01 1.82979705e-01
 1.25775972e-01 -5.27375887e-01 1.84038849e-01
 1.29625402e-01 -5.27224051e-01 1.84284810e-01
 1.33472139e-01 -5.27058402e-01 1.84547747e-01
 1.37316407e-01 -5.26882151e-01 1.84823685e-01
 1.41158472e-01 -5.26698510e-01 1.85108650e-01
 1.44998638e-01 -5.26510685e-01 1.85398673e-01
 1.48837248e-01 -5.26321883e-01 1.85689786e-01
 1.52674687e-01 -5.26135307e-01 1.85978024e-01
 1.56511377e-01 -5.25954161e-01 1.86259429e-01
 1.60347780e-01 -5.25781643e-01 1.86530041e-01
 1.64184396e-01 -5.25620952e-01 1.86785905e-01
 1.68021766e-01 -5.25475284e-01 1.87023071e-01
 1.71860471e-01 -5.25347836e-01 1.87237586e-01
 1.75701128e-01 -5.25241801e-01 1.87425503e-01
 1.79544397e-01 -5.25160373e-01 1.87582874e-01
 1.83390975e-01 -5.25106748e-01 1.87705751e-01
 1.87241600e-01 -5.25084119e-01 1.87790188e-01
 1.91097048e-01 -5.25095684e-01 1.87832236e-01
 1.94958137e-01 -5.25144640e-01 1.87827942e-01
 1.98825722e-01 -5.25234189e-01 1.87773354e-01
 2.02700701e-01 -5.25367538e-01 1.87664513e-01
 2.06584011e-01 -5.25547895e-01 1.87497454e-01
 2.10476629e-01 -5.25778478e-01 1.87268207e-01
 2.14379575e-01 -5.26062510e-01 1.86972791e-01
 2.18293907e-01 -5.26403221e-01 1.86607218e-01
 2.22220727e-01 -5.26803854e-01 1.86167486e-01
 2.26161179e-01 -5.27267661e-01 1.85649583e-01
 2.30116448e-01 -5.27797905e-01 1.85049478e-01
 2.34087762e-01 -5.28397864e-01 1.84363126e-01
 2.38076393e-01 -5.29070833e-01 1.83586462e-01
 2.42083657e-01 -5.29820122e-01 1.82715400e-01
 2.46110915e-01 -5.30649061e-01 1.81745831e-01
 2.50159571e-01 -5.31561000e-01 1.80673620e-01
 2.54231078e-01 -5.32559312e-01 1.79494605e-01
 2.58326933e-01 -5.33647395e-01 1.78204592e-01
 2.62448683e-01 -5.34828674e-01 1.76799354e-01
 2.66597921e-01 -5.36106603e-01 1.75274629e-01
 2.70776290e-01 -5.37484667e-01 1.73626115e-01
 2.74985486e-01 -5.38966384e-01 1.71849467e-01
 2.79227254e-01 -5.40555311e-01 1.69940296e-01
 2.83503391e-01 -5.42255043e-01 1.67894166e-01
 2.87815751e-01 -5.44069215e-01 1.65706585e-01
 2.92166240e-01 -5.46001508e-01 1.63373008e-01
 2.96556823e-01 -5.48055652e-01 1.60888831e-01
 3.00989522e-01 -5.50235426e-01 1.58249384e-01
 3.05466420e-01 -5.52544664e-01 1.55449933e-01
 3.09989659e-01 -5.54987256e-01 1.52485668e-01
 3.14561446e-01 -5.57567156e-01 1.49351706e-01
 3.19184055e-01 -5.60288380e-01 1.46043082e-01
 3.23859823e-01 -5.63155015e-01 1.42554746e-01
 3.28590157e-01 -5.66172539e-01 1.38886409e-01
 3.33379512e-01 -5.69342555e-01 1.35023207e-01
 3.38515887e-01 -5.73785945e-01 1.29608740e-01
 3.43431863e-01 -5.77274751e-01 1.25352034e-01
 3.48408462e-01 -5.80910825e-01 1.20913409e-01
 3.53443789e-01 -5.84681954e-01 1.16307770e-01
 3.58535773e-01 -5.88575827e-01 1.11550138e-01
 3.63682164e-01 -5.92580031e-01 1.06655663e-01
 3.68880527e-01 -5.96682032e-01 1.01639640e-01
 3.74128240e-01 -6.00869169e-01 9.65175181e-02
 3.79422488e-01 -6.05128647e-01 9.13049149e-02
 3.84760257e-01 -6.09447523e-01 8.60176240e-02
 3.90138332e-01 -6.13812707e-01 8.06716238e-02
 3.95553294e-01 -6.18210951e-01 7.52830845e-02
 4.01001512e-01 -6.22628847e-01 6.98683741e-02
 4.06479144e-01 -6.27052822e-01 6.44440620e-02
 4.11982132e-01 -6.31469140e-01 5.90269218e-02
 4.17506198e-01 -6.35863895e-01 5.36339327e-02
 4.23046843e-01 -6.40223018e-01 4.82822784e-02
 4.28599346e-01 -6.44532274e-01 4.29893453e-02
 4.34158760e-01 -6.48777270e-01 3.77727186e-02
 4.39719913e-01 -6.52943453e-01 3.26501764e-02
 4.45277406e-01 -6.57016125e-01 2.76396825e-02
 4.50825615e-01 -6.60980444e-01 2.27593770e-02
 4.56358688e-01 -6.64821434e-01 1.80275650e-02
 4.61870553e-01 -6.68524001e-01 1.34627035e-02
 4.67354913e-01 -6.72072939e-01 9.08338654e-03
 4.72805254e-01 -6.75452948e-01 4.90832765e-03
 4.78214846e-01 -6.78648648e-01 9.56341055e-04
 4.83576751e-01 -6.81644598e-01 -2.75367961e-03
 4.88883823e-01 -6.84425314e-01 -6.20278448e-03
 4.94128720e-01 -6.86975289e-01 -9.37199268e-03
 4.99303908e-01 -6.89279017e-01 -1.22423196e-02
 5.04401671e-01 -6.91321017e-01 -1.47948060e-02
 5.09414120e-01 -6.93085855e-01 -1.70105496e-02
 5.14333204e-01 -6.94558177e-01 -1.88707375e-02
 5.19150719e-01 -6.95722732e-01 -2.03566818e-02
 5.23858323e-01 -6.96564405e-01 -2.14498557e-02
 5.28447550e-01 -6.97068249e-01 -2.21319325e-02
 5.32909823e-01 -6.97219514e-01 -2.23848248e-02
 5.37236470e-01 -6.97003686e-01 -2.21907262e-02
 5.41418739e-01 -6.96406515e-01 -2.15321540e-02
 5.45447822e-01 -6.95414058e-01 -2.03919925e-02
 5.49314864e-01 -6.94012710e-01 -1.87535383e-02
 5.53010990e-01 -6.92189244e-01 -1.66005451e-02
 5.56527325e-01 -6.89930845e-01 -1.39172702e-02
 5.59855009e-01 -6.87225155e-01 -1.06885208e-02
 5.62985227e-01 -6.84060301e-01 -6.89970014e-03
 5.65909225e-01 -6.80424940e-01 -2.53685421e-03
 5.68618336e-01 -6.76308295e-01 2.41328241e-03
 5.71104006e-01 -6.71700190e-01 7.96324123e-03
 5.73357813e-01 -6.66591086e-01 1.41247754e-02
 5.75371495e-01 -6.60972118e-01 2.09088164e-02
 5.77136971e-01 -6.54835130e-01 2.83254324e-02
 5.78646370e-01 -6.48172702e-01 3.63837882e-02
