 -2.38822176e-01 3.41263413e-01 3.67352661e-01
 -2.35215116e-01 3.41589294e-01 3.68484917e-01
 -2.31609532e-01 3.41923119e-01 3.69641796e-01
 -2.28008687e-01 3.42259003e-01 3.70804913e-01
 -2.24415651e-01 3.42591078e-01 3.71955952e-01
 -2.20833299e-01 3.42913496e-01 3.73076659e-01
 -2.17264314e-01 3.43220429e-01 3.74148844e-01
 -2.13711188e-01 3.43506063e-01 3.75154375e-01
 -2.10089226e-01 3.43944435e-01 3.76636447e-01
 -2.06575021e-01 3.44172035e-01 3.77460503e-01
 -2.03079756e-01 3.44368019e-01 3.78185766e-01
 -1.99602920e-01 3.44531878e-01 3.78810671e-01
 -1.96143990e-01 3.44663096e-01 3.79333633e-01
 -1.92702431e-01 3.44761151e-01 3.79753049e-01
 -1.89277692e-01 3.44825513e-01 3.80067290e-01
 -1.85869214e-01 3.44855647e-01 3.80274707e-01
 -1.82494036e-01 3.44809168e-01 3.80243132e-01
 -1.79113235e-01 3.44775913e-01 3.80252805e-01
 -1.75740748e-01 3.44722274e-01 3.80198902e-01
 -1.72372618e-01 3.44656994e-01 3.80108707e-01
 -1.69005163e-01 3.44588820e-01 3.80009501e-01
 -1.65634974e-01 3.44526505e-01 3.79928574e-01
 -1.62258911e-01 3.44478804e-01 3.79893216e-01
 -1.58883064e-01 3.44430029e-01 3.79854515e-01
 -1.55487528e-01 3.44435640e-01 3.79985342e-01
 -1.52082919e-01 3.44469003e-01 3.80202643e-01
 -1.48671388e-01 3.44525736e-01 3.80492739e-01
 -1.45254952e-01 3.44601455e-01 3.80841953e-01
 -1.41835490e-01 3.44691778e-01 3.81236614e-01
 -1.38414744e-01 3.44792323e-01 3.81663061e-01
 -1.34994316e-01 3.44898714e-01 3.82107651e-01
 -1.31522216e-01 3.45182564e-01 3.83105005e-01
 -1.28107891e-01 3.45288084e-01 3.83546691e-01
 -1.24697280e-01 3.45388404e-01 3.83972107e-01
 -1.21291049e-01 3.45480706e-01 3.84372481e-01
 -1.17889779e-01 3.45562175e-01 3.84739049e-01
 -1.14493959e-01 3.45629996e-01 3.85063059e-01
 -1.11103991e-01 3.45681358e-01 3.85335762e-01
 -1.07720192e-01 3.45713448e-01 3.85548413e-01
 -1.04353962e-01 3.45677135e-01 3.85548069e-01
 -1.00981588e-01 3.45667135e-01 3.85629637e-01
 -9.76133270e-02 3.45640719e-01 3.85660090e-01
 -9.42479320e-02 3.45601852e-01 3.85651779e-01
 -9.08842785e-02 3.45554497e-01 3.85617052e-01
 -8.75213661e-02 3.45502619e-01 3.85568252e-01
 -8.41583177e-02 3.45450185e-01 3.85517725e-01
 -8.07929532e-02 3.45408801e-01 3.85501587e-01
 -7.74276876e-02 3.45366413e-01 3.85482327e-01
 -7.40611485e-02 3.45330905e-01 3.85484470e-01
 -7.06935785e-02 3.45301776e-01 3.85506455e-01
 -6.73252044e-02 3.45278525e-01 3.85546719e-01
 -6.39562377e-02 3.45260651e-01 3.85603698e-01
 -6.05868740e-02 3.45247653e-01 3.85675830e-01
 -5.72172934e-02 3.45239029e-01 3.85761550e-01
 -5.38481658e-02 3.45230214e-01 3.85846663e-01
 -5.04787773e-02 3.45227292e-01 3.85950079e-01
 -4.71101697e-02 3.45221952e-01 3.86045960e-01
 -4.37427375e-02 3.45209728e-01 3.86120422e-01
 -4.03767367e-02 3.45186153e-01 3.86159585e-01
 -3.70122840e-02 3.45146760e-01 3.86149569e-01
 -3.36493579e-02 3.45087078e-01 3.86076492e-01
 -3.02877978e-02 3.45002631e-01 3.85926459e-01
 -2.69233842e-02 3.44952020e-01 3.85881597e-01
 -2.35635232e-02 3.44813562e-01 3.85563766e-01
 -2.02028907e-02 3.44657547e-01 3.85191430e-01
 -1.68407701e-02 3.44491892e-01 3.84789200e-01
 -1.34766910e-02 3.44324524e-01 3.84381712e-01
 -1.01104288e-02 3.44163385e-01 3.83993632e-01
 -6.74200578e-03 3.44016423e-01 3.83649652e-01
 -3.37310384e-03 3.43709620e-01 3.82809272e-01
 0.00000000e+00 3.43613205e-01 3.82622413e-01
 3.37381982e-03 3.43544901e-01 3.82522881e-01
 6.74773197e-03 3.43502700e-01 3.82504413e-01
 1.01211756e-02 3.43484584e-01 3.82560728e-01
 1.34936527e-02 3.43488532e-01 3.82685533e-01
 1.68647285e-02 3.43512519e-01 3.82872527e-01
 2.02340311e-02 3.43554519e-01 3.83115403e-01
 2.35881426e-02 3.43853841e-01 3.84156946e-01
 2.69512257e-02 3.43924790e-01 3.84489523e-01
 3.03120406e-02 3.44004425e-01 3.84849003e-01
 3.36707309e-02 3.44088297e-01 3.85221572e-01
 3.70275778e-02 3.44171961e-01 3.85593434e-01
 4.03830000e-02 3.44250975e-01 3.85950807e-01
 4.37375536e-02 3.44320902e-01 3.86279928e-01
 4.70919317e-02 3.44377307e-01 3.86567045e-01
 5.04567131e-02 3.44331950e-01 3.86538457e-01
 5.38133751e-02 3.44353189e-01 3.86716430e-01
 5.71711110e-02 3.44359539e-01 3.86848196e-01
 6.05298865e-02 3.44353727e-01 3.86942219e-01
 6.38895828e-02 3.44338477e-01 3.87006958e-01
 6.72499971e-02 3.44316512e-01 3.87050866e-01
 7.06108418e-02 3.44290557e-01 3.87082392e-01
 7.39730245e-02 3.44255834e-01 3.87086726e-01
 7.73337335e-02 3.44229257e-01 3.87116312e-01
 8.06944266e-02 3.44201973e-01 3.87143698e-01
 8.40555398e-02 3.44171815e-01 3.87162171e-01
 8.74175763e-02 3.44136618e-01 3.87165019e-01
 9.07811062e-02 3.44094214e-01 3.87145530e-01
 9.41467670e-02 3.44042435e-01 3.87096993e-01
 9.75152635e-02 3.43979112e-01 3.87012691e-01
 1.00870315e-01 3.43975461e-01 3.87113278e-01
 1.04245970e-01 3.43883905e-01 3.86941514e-01
 1.07625806e-01 3.43778938e-01 3.86728234e-01
 1.11009797e-01 3.43661874e-01 3.86477515e-01
 1.14397877e-01 3.43534028e-01 3.86193433e-01
 1.17789940e-01 3.43396711e-01 3.85880067e-01
 1.21185838e-01 3.43251240e-01 3.85541493e-01
 1.24585384e-01 3.43098930e-01 3.85181795e-01
 1.28041263e-01 3.42761202e-01 3.84248042e-01
 1.31448025e-01 3.42601604e-01 3.83865933e-01
 1.34855797e-01 3.42444898e-01 3.83492835e-01
 1.38262990e-01 3.42295878e-01 3.83143587e-01
 1.41667866e-01 3.42159344e-01 3.82833041e-01
 1.45068535e-01 3.42040102e-01 3.82576059e-01
 1.48462963e-01 3.41942958e-01 3.82387509e-01
 1.51845534e-01 3.41882571e-01 3.82312731e-01
 1.55221133e-01 3.41842821e-01 3.82301821e-01
 1.58586199e-01 3.41832197e-01 3.82381030e-01
 1.61941020e-01 3.41848104e-01 3.82542308e-01
 1.65285968e-01 3.41887944e-01 3.82777596e-01
 1.68621498e-01 3.41949114e-01 3.83078826e-01
 1.71948142e-01 3.42029009e-01 3.83437926e-01
 1.75266517e-01 3.42125025e-01 3.83846827e-01
 1.78560503e-01 3.42275594e-01 3.84424373e-01
 1.81864530e-01 3.42395222e-01 3.84906143e-01
 1.85163802e-01 3.42520394e-01 3.85404978e-01
 1.88460212e-01 3.42646440e-01 3.85906435e-01
 1.91755797e-01 3.42768696e-01 3.86396090e-01
 1.95052733e-01 3.42882502e-01 3.86859546e-01
 1.98353337e-01 3.42983205e-01 3.87282423e-01
 2.01660067e-01 3.43066156e-01 3.87650358e-01
 2.05007498e-01 3.43058872e-01 3.87739347e-01
 2.08332496e-01 3.43097494e-01 3.87970186e-01
 2.11666036e-01 3.43116208e-01 3.88139471e-01
 2.15007377e-01 3.43117439e-01 3.88254702e-01
 2.18355709e-01 3.43103606e-01 3.88323370e-01
 2.21710145e-01 3.43077128e-01 3.88352958e-01
 2.25069728e-01 3.43040422e-01 3.88350941e-01
 2.28433422e-01 3.42995904e-01 3.88324795e-01
 2.31793354e-01 3.42958695e-01 3.88321221e-01
 2.35162216e-01 3.42904995e-01 3.88266716e-01
 2.38532421e-01 3.42849340e-01 3.88206180e-01
 2.41903059e-01 3.42793450e-01 3.88144924e-01
 2.45273165e-01 3.42739045e-01 3.88088262e-01
 2.48641720e-01 3.42687847e-01 3.88041508e-01
 2.52007656e-01 3.42641579e-01 3.88009976e-01
 2.55358870e-01 3.42620676e-01 3.88056753e-01
 2.58716595e-01 3.42588427e-01 3.88068496e-01
 2.62070263e-01 3.42562822e-01 3.88100741e-01
 2.65420250e-01 3.42542994e-01 3.88150809e-01
 2.68766958e-01 3.42528076e-01 3.88216018e-01
 2.72110817e-01 3.42517199e-01 3.88293687e-01
 2.75452283e-01 3.42509497e-01 3.88381135e-01
 2.78791838e-01 3.42504101e-01 3.88475684e-01
 2.82144054e-01 3.42478439e-01 3.88507692e-01
 2.85482069e-01 3.42474199e-01 3.88605775e-01
 2.88821102e-01 3.42467691e-01 3.88696846e-01
 2.92162579e-01 3.42456865e-01 3.88774581e-01
 2.95507992e-01 3.42439671e-01 3.88832663e-01
 2.98858893e-01 3.42414059e-01 3.88864771e-01
 3.02216900e-01 3.42377976e-01 3.88864585e-01
 3.05583692e-01 3.42329371e-01 3.88825787e-01
 3.08930572e-01 3.42309120e-01 3.88874409e-01
 3.12318031e-01 3.42231918e-01 3.88747450e-01
 3.15716423e-01 3.42140495e-01 3.88576667e-01
 3.19125947e-01 3.42035025e-01 3.88362611e-01
 3.22546796e-01 3.41915681e-01 3.88105825e-01
 3.25979159e-01 3.41782636e-01 3.87806851e-01
 3.29423223e-01 3.41636060e-01 3.87466226e-01
 3.32953195e-01 3.41379056e-01 3.86785372e-01
 3.36421540e-01 3.41206443e-01 3.86364648e-01
 3.39900635e-01 3.41022695e-01 3.85909681e-01
 3.43389486e-01 3.40829400e-01 3.85425372e-01
 3.46887051e-01 3.40628149e-01 3.84916627e-01
 3.50392237e-01 3.40420533e-01 3.84388358e-01
 3.53903898e-01 3.40208150e-01 3.83845483e-01
 3.57420839e-01 3.39992596e-01 3.83292926e-01
 3.60921662e-01 3.39799933e-01 3.82810948e-01
 3.64445783e-01 3.39582124e-01 3.82251612e-01
 3.67972716e-01 3.39364268e-01 3.81692215e-01
 3.71501961e-01 3.39146958e-01 3.81134586e-01
 3.75032995e-01 3.38930789e-01 3.80580555e-01
 3.78565278e-01 3.38716358e-01 3.80031958e-01
 3.82098250e-01 3.38504262e-01 3.79490632e-01
 3.85631331e-01 3.38295099e-01 3.78958417e-01
