 -2.35361304e-01 1.71822985e-01 3.87129072e-01
 -2.31749340e-01 1.72451926e-01 3.88576370e-01
 -2.28194313e-01 1.72950908e-01 3.89731317e-01
 -2.24689348e-01 1.73332353e-01 3.90621865e-01
 -2.21227888e-01 1.73608574e-01 3.91275731e-01
 -2.17803685e-01 1.73791806e-01 3.91720441e-01
 -2.14410788e-01 1.73894219e-01 3.91983382e-01
 -2.11043538e-01 1.73927940e-01 3.92091837e-01
 -2.07738167e-01 1.73785689e-01 3.91804570e-01
 -2.04405777e-01 1.73718033e-01 3.91685055e-01
 -2.01084258e-01 1.73616372e-01 3.91489084e-01
 -1.97769548e-01 1.73491228e-01 3.91240315e-01
 -1.94457817e-01 1.73353123e-01 3.90962415e-01
 -1.91145473e-01 1.73212589e-01 3.90679067e-01
 -1.87829157e-01 1.73080168e-01 3.90413972e-01
 -1.84505744e-01 1.72966408e-01 3.90190848e-01
 -1.81156131e-01 1.72935290e-01 3.90153538e-01
 -1.77811007e-01 1.72888475e-01 3.90080940e-01
 -1.74454409e-01 1.72879678e-01 3.90093818e-01
 -1.71087482e-01 1.72907139e-01 3.90188207e-01
 -1.67711335e-01 1.72969089e-01 3.90360129e-01
 -1.64327039e-01 1.73063756e-01 3.90605592e-01
 -1.60935625e-01 1.73189363e-01 3.90920595e-01
 -1.57538087e-01 1.73344128e-01 3.91301133e-01
 -1.54146150e-01 1.73484591e-01 3.91649500e-01
 -1.50739252e-01 1.73691113e-01 3.92146344e-01
 -1.47330773e-01 1.73914088e-01 3.92680146e-01
 -1.43923196e-01 1.74144385e-01 3.93230382e-01
 -1.40518796e-01 1.74372888e-01 3.93776560e-01
 -1.37119640e-01 1.74590495e-01 3.94298222e-01
 -1.33727587e-01 1.74788117e-01 3.94774941e-01
 -1.30344288e-01 1.74956675e-01 3.95186316e-01
 -1.26984993e-01 1.75022454e-01 3.95366675e-01
 -1.23622569e-01 1.75107623e-01 3.95590605e-01
 -1.20270295e-01 1.75148151e-01 3.95714198e-01
 -1.16926915e-01 1.75146594e-01 3.95743205e-01
 -1.13591233e-01 1.75105501e-01 3.95683360e-01
 -1.10262110e-01 1.75027410e-01 3.95540378e-01
 -1.06938468e-01 1.74914858e-01 3.95319960e-01
 -1.03619283e-01 1.74770374e-01 3.95027796e-01
 -1.00296402e-01 1.74639152e-01 3.94765448e-01
 -9.69833881e-02 1.74439303e-01 3.94348903e-01
 -9.36712650e-02 1.74220540e-01 3.93889879e-01
 -9.03585046e-02 1.73990837e-01 3.93406296e-01
 -8.70437565e-02 1.73758179e-01 3.92916093e-01
 -8.37258482e-02 1.73530560e-01 3.92437236e-01
 -8.04037855e-02 1.73315989e-01 3.91987716e-01
 -7.70767527e-02 1.73122483e-01 3.91585543e-01
 -7.37378157e-02 1.73009034e-01 3.91363249e-01
 -7.03996348e-02 1.72879747e-01 3.91105384e-01
 -6.70564449e-02 1.72783568e-01 3.90921909e-01
 -6.37092332e-02 1.72716479e-01 3.90803794e-01
 -6.03588968e-02 1.72674455e-01 3.90741991e-01
 -5.70062429e-02 1.72653467e-01 3.90727445e-01
 -5.36519885e-02 1.72649482e-01 3.90751096e-01
 -5.02967598e-02 1.72658467e-01 3.90803879e-01
 -4.69421438e-02 1.72663018e-01 3.90846698e-01
 -4.35863879e-02 1.72686117e-01 3.90931180e-01
 -4.02308836e-02 1.72711753e-01 3.91021355e-01
 -3.68758196e-02 1.72737561e-01 3.91111912e-01
 -3.35213316e-02 1.72761178e-01 3.91197542e-01
 -3.01675021e-02 1.72780239e-01 3.91272937e-01
 -2.68143603e-02 1.72792383e-01 3.91332791e-01
 -2.34618827e-02 1.72795245e-01 3.91371797e-01
 -2.01103362e-02 1.72776257e-01 3.91361731e-01
 -1.67588155e-02 1.72754554e-01 3.91345567e-01
 -1.34074352e-02 1.72723006e-01 3.91307292e-01
 -1.00559591e-02 1.72685773e-01 3.91256254e-01
 -6.70424502e-03 1.72647020e-01 3.91201805e-01
 -3.35224379e-03 1.72610911e-01 3.91153293e-01
 0.00000000e+00 1.72581610e-01 3.91120072e-01
 3.35234829e-03 1.72563282e-01 3.91111493e-01
 6.70467810e-03 1.72550421e-01 3.91115187e-01
 1.00565190e-02 1.72565495e-01 3.91181607e-01
 1.34076411e-02 1.72597795e-01 3.91286700e-01
 1.67578127e-02 1.72645241e-01 3.91425795e-01
 2.01068488e-02 1.72705753e-01 3.91594220e-01
 2.34546113e-02 1.72777252e-01 3.91787303e-01
 2.68010086e-02 1.72857658e-01 3.92000376e-01
 3.01459959e-02 1.72944893e-01 3.92228769e-01
 3.34807228e-02 1.73194598e-01 3.92821897e-01
 3.68220535e-02 1.73289310e-01 3.93067044e-01
 4.01620873e-02 1.73385084e-01 3.93314566e-01
 4.35009238e-02 1.73480310e-01 3.93560845e-01
 4.68386989e-02 1.73573379e-01 3.93802268e-01
 5.01755843e-02 1.73662681e-01 3.94035226e-01
 5.35117879e-02 1.73746609e-01 3.94256111e-01
 5.68475533e-02 1.73823558e-01 3.94461317e-01
 6.01694956e-02 1.74027207e-01 3.94950906e-01
 6.35044535e-02 1.74085826e-01 3.95114944e-01
 6.68396039e-02 1.74135424e-01 3.95258730e-01
 7.01749609e-02 1.74177172e-01 3.95384886e-01
 7.35105124e-02 1.74212235e-01 3.95496036e-01
 7.68462203e-02 1.74241783e-01 3.95594802e-01
 8.01820202e-02 1.74266983e-01 3.95683804e-01
 8.35178217e-02 1.74289000e-01 3.95765660e-01
 8.68572355e-02 1.74283451e-01 3.95785646e-01
 9.01928601e-02 1.74302256e-01 3.95860287e-01
 9.35283905e-02 1.74319287e-01 3.95930944e-01
 9.68640068e-02 1.74333620e-01 3.95995541e-01
 1.00199910e-01 1.74344330e-01 3.96052004e-01
 1.03536322e-01 1.74350492e-01 3.96098260e-01
 1.06873486e-01 1.74351182e-01 3.96132235e-01
 1.10211664e-01 1.74345474e-01 3.96151854e-01
 1.13551140e-01 1.74332445e-01 3.96155044e-01
 1.16884121e-01 1.74352418e-01 3.96232280e-01
 1.20227066e-01 1.74321136e-01 3.96194514e-01
 1.23572593e-01 1.74278324e-01 3.96130879e-01
 1.26921246e-01 1.74222336e-01 3.96037688e-01
 1.30273606e-01 1.74151529e-01 3.95911254e-01
 1.33630292e-01 1.74064256e-01 3.95747884e-01
 1.36991960e-01 1.73958867e-01 3.95543880e-01
 1.40348708e-01 1.73878689e-01 3.95396444e-01
 1.43721912e-01 1.73733330e-01 3.95102793e-01
 1.47100482e-01 1.73572163e-01 3.94773695e-01
 1.50483269e-01 1.73400804e-01 3.94421748e-01
 1.53868993e-01 1.73224873e-01 3.94059562e-01
 1.57256248e-01 1.73049998e-01 3.93699762e-01
 1.60643499e-01 1.72881812e-01 3.93354983e-01
 1.64029085e-01 1.72725956e-01 3.93037872e-01
 1.67419652e-01 1.72557979e-01 3.92693590e-01
 1.70796985e-01 1.72442295e-01 3.92466612e-01
 1.74169402e-01 1.72347358e-01 3.92286176e-01
 1.77537410e-01 1.72270292e-01 3.92145826e-01
 1.80901581e-01 1.72208212e-01 3.92039095e-01
 1.84262553e-01 1.72158238e-01 3.91959514e-01
 1.87621028e-01 1.72117481e-01 3.91900611e-01
 1.90977773e-01 1.72083057e-01 3.91855910e-01
 1.94301306e-01 1.72151459e-01 3.92041801e-01
 1.97656395e-01 1.72121653e-01 3.92007454e-01
 2.01011202e-01 1.72093194e-01 3.91976128e-01
 2.04365435e-01 1.72066871e-01 3.91949596e-01
 2.07718783e-01 1.72043477e-01 3.91929630e-01
 2.11070917e-01 1.72023801e-01 3.91918003e-01
 2.14421491e-01 1.72008635e-01 3.91916486e-01
 2.17770143e-01 1.71998768e-01 3.91926852e-01
 2.21073168e-01 1.72112092e-01 3.92213424e-01
 2.24415851e-01 1.72116008e-01 3.92254684e-01
 2.27753530e-01 1.72132511e-01 3.92324161e-01
 2.31083789e-01 1.72167305e-01 3.92434642e-01
 2.34404082e-01 1.72226093e-01 3.92598911e-01
 2.37711740e-01 1.72314573e-01 3.92829736e-01
 2.41003969e-01 1.72438435e-01 3.93139869e-01
 2.44277851e-01 1.72603359e-01 3.93542037e-01
 2.47768522e-01 1.72240694e-01 3.92761497e-01
 2.51001427e-01 1.72500583e-01 3.93376531e-01
 2.54217767e-01 1.72792156e-01 3.94062561e-01
 2.57425948e-01 1.73094704e-01 3.94773158e-01
 2.60634820e-01 1.73387555e-01 3.95461987e-01
 2.63853680e-01 1.73650079e-01 3.96082808e-01
 2.67092270e-01 1.73861679e-01 3.96589459e-01
 2.70360783e-01 1.74001777e-01 3.96935827e-01
 2.73583390e-01 1.74238029e-01 3.97497687e-01
 2.76941771e-01 1.74176295e-01 3.97391670e-01
 2.80355214e-01 1.73998694e-01 3.97025980e-01
 2.83827225e-01 1.73701944e-01 3.96393277e-01
 2.87361421e-01 1.73282686e-01 3.95486057e-01
 2.90961534e-01 1.72737481e-01 3.94296630e-01
 2.94631414e-01 1.72062801e-01 3.92817108e-01
 2.98375041e-01 1.71255021e-01 3.91039388e-01
 3.01729579e-01 1.71236540e-01 3.91030458e-01
 3.05619356e-01 1.70168211e-01 3.88669022e-01
 3.09547820e-01 1.69047680e-01 3.86190722e-01
 3.13469576e-01 1.67963758e-01 3.83794568e-01
 3.17336918e-01 1.67005880e-01 3.81680943e-01
 3.21099872e-01 1.66263985e-01 3.80051345e-01
 3.24706317e-01 1.65828263e-01 3.79107819e-01
 3.28102187e-01 1.65788775e-01 3.79052097e-01
 3.32274191e-01 1.64335837e-01 3.75829621e-01
 3.35098724e-01 1.65341965e-01 3.78116567e-01
 3.37597962e-01 1.66908522e-01 3.81658959e-01
 3.39771896e-01 1.69018915e-01 3.86419538e-01
 3.41621627e-01 1.71655258e-01 3.92358152e-01
 3.43149323e-01 1.74798518e-01 3.99432078e-01
 3.44358158e-01 1.78428657e-01 4.07596355e-01
 3.45252259e-01 1.82524784e-01 4.16804107e-01
 3.45699478e-01 1.87296368e-01 4.27524477e-01
 3.46004433e-01 1.92216140e-01 4.38576293e-01
 3.46160360e-01 1.97291186e-01 4.49975401e-01
 3.46322714e-01 2.02262557e-01 4.61141765e-01
 3.46647487e-01 2.06879828e-01 4.71514491e-01
 3.47291621e-01 2.10900044e-01 4.80549471e-01
 3.48414088e-01 2.14085666e-01 4.87714778e-01
 3.50177633e-01 2.16201583e-01 4.92483967e-01
 3.54852273e-01 2.13719477e-01 4.86955114e-01
 3.58412778e-01 2.13010547e-01 4.85397667e-01
 3.63022107e-01 2.10698659e-01 4.80250439e-01
 3.68745426e-01 2.06725319e-01 4.71382686e-01
 3.75659200e-01 2.01016903e-01 4.58629791e-01
 3.83852878e-01 1.93482765e-01 4.41789033e-01
 3.93430961e-01 1.84012861e-01 4.20614272e-01
 4.04515550e-01 1.72474788e-01 3.94809321e-01
 4.17249502e-01 1.58710074e-01 3.64019652e-01
