 -2.45001870e-01 2.14460421e-02 3.32040120e-01
 -2.41344198e-01 2.19143705e-02 3.32954009e-01
 -2.37761203e-01 2.21639872e-02 3.33455497e-01
 -2.34237708e-01 2.22331442e-02 3.33616729e-01
 -2.30759310e-01 2.21599296e-02 3.33509535e-01
 -2.27312349e-01 2.19823487e-02 3.33205584e-01
 -2.23883890e-01 2.17383854e-02 3.32776498e-01
 -2.20461708e-01 2.14660451e-02 3.32293933e-01
 -2.17120234e-01 2.09092325e-02 3.31275106e-01
 -2.13677247e-01 2.06877852e-02 3.30888532e-01
 -2.10219026e-01 2.05133713e-02 3.30590637e-01
 -2.06746448e-01 2.03852264e-02 3.30379973e-01
 -2.03260381e-01 2.03025769e-02 3.30255078e-01
 -1.99761678e-01 2.02646408e-02 3.30214472e-01
 -1.96251181e-01 2.02706279e-02 3.30256660e-01
 -1.92729718e-01 2.03197403e-02 3.30380132e-01
 -1.89146982e-01 2.06120836e-02 3.30962056e-01
 -1.85607191e-01 2.07441272e-02 3.31241818e-01
 -1.82060092e-01 2.09117145e-02 3.31588560e-01
 -1.78507618e-01 2.11088910e-02 3.31991056e-01
 -1.74951591e-01 2.13297047e-02 3.32438083e-01
 -1.71393716e-01 2.15682082e-02 3.32918431e-01
 -1.67835589e-01 2.18184600e-02 3.33420899e-01
 -1.64278689e-01 2.20745260e-02 3.33934303e-01
 -1.60751952e-01 2.22032712e-02 3.34207743e-01
 -1.57200817e-01 2.24535573e-02 3.34710216e-01
 -1.53654277e-01 2.26938009e-02 3.35193743e-01
 -1.50113003e-01 2.29199958e-02 3.35650776e-01
 -1.46577589e-01 2.31281400e-02 3.36073774e-01
 -1.43048549e-01 2.33142350e-02 3.36455206e-01
 -1.39526326e-01 2.34742846e-02 3.36787544e-01
 -1.36011286e-01 2.36042937e-02 3.37063264e-01
 -1.32509219e-01 2.36695296e-02 3.37216924e-01
 -1.29008892e-01 2.37291972e-02 3.37360086e-01
 -1.25514654e-01 2.37571813e-02 3.37443545e-01
 -1.22025010e-01 2.37598282e-02 3.37479262e-01
 -1.18538587e-01 2.37434806e-02 3.37479190e-01
 -1.15054131e-01 2.37144799e-02 3.37455279e-01
 -1.11570506e-01 2.36791672e-02 3.37419478e-01
 -1.08086698e-01 2.36438842e-02 3.37383733e-01
 -1.04601340e-01 2.36183074e-02 3.37366275e-01
 -1.01114822e-01 2.36005824e-02 3.37363609e-01
 -9.76269882e-02 2.35927334e-02 3.37379548e-01
 -9.41383396e-02 2.35919203e-02 3.37408740e-01
 -9.06493233e-02 2.35953029e-02 3.37445834e-01
 -8.71603330e-02 2.36000410e-02 3.37485480e-01
 -8.36717088e-02 2.36032946e-02 3.37522327e-01
 -8.01837374e-02 2.36022236e-02 3.37551026e-01
 -7.66955521e-02 2.36046031e-02 3.37586224e-01
 -7.32094926e-02 2.35872657e-02 3.37584281e-01
 -6.97241235e-02 2.35624949e-02 3.37568338e-01
 -6.62391097e-02 2.35328615e-02 3.37543236e-01
 -6.27541645e-02 2.35009365e-02 3.37513819e-01
 -5.92690499e-02 2.34692909e-02 3.37484929e-01
 -5.57835759e-02 2.34404964e-02 3.37461409e-01
 -5.22976014e-02 2.34171247e-02 3.37448103e-01
 -4.88113372e-02 2.33971386e-02 3.37441174e-01
 -4.53241559e-02 2.33915697e-02 3.37461395e-01
 -4.18365905e-02 2.33945910e-02 3.37497792e-01
 -3.83488645e-02 2.34042262e-02 3.37546642e-01
 -3.48611646e-02 2.34184985e-02 3.37604223e-01
 -3.13736399e-02 2.34354315e-02 3.37666810e-01
 -2.78864025e-02 2.34530489e-02 3.37730684e-01
 -2.43995270e-02 2.34693745e-02 3.37792122e-01
 -2.09138563e-02 2.34539219e-02 3.37793720e-01
 -1.74276387e-02 2.34620444e-02 3.37839708e-01
 -1.39417525e-02 2.34647852e-02 3.37875560e-01
 -1.04561234e-02 2.34620056e-02 3.37901017e-01
 -6.97067495e-03 2.34535670e-02 3.37915817e-01
 -3.48532777e-03 2.34393305e-02 3.37919701e-01
 0.00000000e+00 2.34191574e-02 3.37912406e-01
 3.48539284e-03 2.33929084e-02 3.37893673e-01
 6.97054414e-03 2.34022688e-02 3.37941980e-01
 1.04561291e-02 2.33638096e-02 3.37900260e-01
 1.39420046e-02 2.33210004e-02 3.37850352e-01
 1.74281847e-02 2.32758453e-02 3.37796029e-01
 2.09146461e-02 2.32303489e-02 3.37741065e-01
 2.44013275e-02 2.31865161e-02 3.37689236e-01
 2.78881299e-02 2.31463524e-02 3.37644315e-01
 3.13749164e-02 2.31118632e-02 3.37610077e-01
 3.48621162e-02 2.30722320e-02 3.37566161e-01
 3.83483536e-02 2.30554320e-02 3.37565221e-01
 4.18338256e-02 2.30522719e-02 3.37589955e-01
 4.53180977e-02 2.30667043e-02 3.37647801e-01
 4.88006615e-02 2.31026805e-02 3.37746193e-01
 5.22809343e-02 2.31641490e-02 3.37892560e-01
 5.57582593e-02 2.32550548e-02 3.38094325e-01
 5.92319062e-02 2.33793376e-02 3.38358897e-01
 6.27084561e-02 2.34537283e-02 3.38529562e-01
 6.61728886e-02 2.36541282e-02 3.38937364e-01
 6.96324189e-02 2.38849645e-02 3.39402429e-01
 7.30876845e-02 2.41354426e-02 3.39904437e-01
 7.65395242e-02 2.43947798e-02 3.40423096e-01
 7.99889784e-02 2.46522083e-02 3.40938140e-01
 8.34372883e-02 2.48969746e-02 3.41429335e-01
 8.68858958e-02 2.51183396e-02 3.41876475e-01
 9.03404399e-02 2.52728985e-02 3.42197886e-01
 9.37946955e-02 2.54170832e-02 3.42499763e-01
 9.72533455e-02 2.55164524e-02 3.42717301e-01
 1.00717018e-01 2.55710356e-02 3.42850562e-01
 1.04186341e-01 2.55808546e-02 3.42899590e-01
 1.07661945e-01 2.55459230e-02 3.42864418e-01
 1.11144460e-01 2.54662466e-02 3.42745062e-01
 1.14634516e-01 2.53418234e-02 3.42541523e-01
 1.18132747e-01 2.51726434e-02 3.42253787e-01
 1.21618922e-01 2.50854316e-02 3.42120274e-01
 1.25132568e-01 2.48399150e-02 3.41688946e-01
 1.28652228e-01 2.45722167e-02 3.41215907e-01
 1.32176196e-01 2.42936461e-02 3.40722434e-01
 1.35702545e-01 2.40155278e-02 3.40229832e-01
 1.39229137e-01 2.37492025e-02 3.39759434e-01
 1.42753616e-01 2.35060257e-02 3.39332601e-01
 1.46289953e-01 2.32136069e-02 3.38813158e-01
 1.49803168e-01 2.30483668e-02 3.38532963e-01
 1.53308982e-01 2.29256635e-02 3.38332791e-01
 1.56807507e-01 2.28421268e-02 3.38206297e-01
 1.60298924e-01 2.27943792e-02 3.38147124e-01
 1.63783474e-01 2.27790367e-02 3.38148903e-01
 1.67261466e-01 2.27927110e-02 3.38205257e-01
 1.70733273e-01 2.28320104e-02 3.38309804e-01
 1.74218334e-01 2.28127097e-02 3.38304134e-01
 1.77679747e-01 2.28921502e-02 3.38484168e-01
 1.81137862e-01 2.29813973e-02 3.38682637e-01
 1.84594793e-01 2.30714224e-02 3.38882560e-01
 1.88052818e-01 2.31532013e-02 3.39066967e-01
 1.91514388e-01 2.32177140e-02 3.39218896e-01
 1.94982118e-01 2.32559428e-02 3.39321391e-01
 1.98458797e-01 2.32588703e-02 3.39357498e-01
 2.01898715e-01 2.33959526e-02 3.39645873e-01
 2.05400659e-01 2.33042167e-02 3.39503967e-01
 2.08915849e-01 2.31680308e-02 3.39278484e-01
 2.12442362e-01 2.29962818e-02 3.38986140e-01
 2.15978109e-01 2.27978580e-02 3.38643652e-01
 2.19520832e-01 2.25816534e-02 3.38267747e-01
 2.23068103e-01 2.23565699e-02 3.37875162e-01
 2.26617325e-01 2.21315190e-02 3.37482655e-01
 2.30114241e-01 2.20813939e-02 3.37419046e-01
 2.33657833e-01 2.18840581e-02 3.37078670e-01
 2.37192925e-01 2.17186358e-02 3.36798308e-01
 2.40714514e-01 2.15991674e-02 3.36604350e-01
 2.44217333e-01 2.15396944e-02 3.36523190e-01
 2.47695855e-01 2.15542500e-02 3.36581200e-01
 2.51144297e-01 2.16568468e-02 3.36804715e-01
 2.54556623e-01 2.18614616e-02 3.37219999e-01
 2.58180903e-01 2.14506383e-02 3.36478361e-01
 2.61508228e-01 2.18928501e-02 3.37340260e-01
 2.64798300e-01 2.24273199e-02 3.38375543e-01
 2.68063430e-01 2.30164421e-02 3.39513511e-01
 2.71316594e-01 2.36227092e-02 3.40683658e-01
 2.74571434e-01 2.42087297e-02 3.41815700e-01
 2.77842246e-01 2.47372272e-02 3.42839575e-01
 2.81143993e-01 2.51710209e-02 3.43685409e-01
 2.84393432e-01 2.57296179e-02 3.44765774e-01
 2.87802255e-01 2.58656952e-02 3.45051987e-01
 2.91283727e-01 2.58140812e-02 3.44985440e-01
 2.94848052e-01 2.55558392e-02 3.44530563e-01
 2.98505862e-01 2.50718491e-02 3.43651449e-01
 3.02268246e-01 2.43427526e-02 3.42311745e-01
 3.06146779e-01 2.33488936e-02 3.40474540e-01
 3.10153555e-01 2.20702535e-02 3.38102247e-01
 3.13413069e-01 2.25869638e-02 3.39103833e-01
 3.17689111e-01 2.07141608e-02 3.35615153e-01
 3.22048929e-01 1.86878023e-02 3.31838074e-01
 3.26418999e-01 1.66811195e-02 3.28098124e-01
 3.30721760e-01 1.48691332e-02 3.24724168e-01
 3.34875677e-01 1.34284136e-02 3.22047956e-01
 3.38795497e-01 1.25364327e-02 3.20402904e-01
 3.42392711e-01 1.23705058e-02 3.20122103e-01
 3.47210735e-01 9.55553898e-03 3.14864134e-01
 3.49915768e-01 1.13409742e-02 3.18249723e-01
 3.52110286e-01 1.41773511e-02 3.23609662e-01
 3.53794754e-01 1.80325409e-02 3.30883464e-01
 3.54971985e-01 2.28707721e-02 3.40003806e-01
 3.55647026e-01 2.86530465e-02 3.50897308e-01
 3.55827022e-01 3.53375688e-02 3.63485339e-01
 3.55521065e-01 4.28801836e-02 3.77684845e-01
 3.54531276e-01 5.16541646e-02 3.94196936e-01
 3.53328386e-01 6.06882944e-02 4.11197028e-01
 3.51917398e-01 6.99655109e-02 4.28653038e-01
 3.50550125e-01 7.89872020e-02 4.45628332e-01
 3.49475408e-01 8.72786014e-02 4.61231143e-01
 3.48940398e-01 9.43852545e-02 4.74607931e-01
 3.49193411e-01 9.98666831e-02 4.84931482e-01
 3.50488333e-01 1.03287464e-01 4.91384144e-01
 3.56474845e-01 9.78836451e-02 4.81261879e-01
 3.60673303e-01 9.58846569e-02 4.77534970e-01
 3.66576769e-01 9.07894203e-02 4.67992984e-01
 3.74309364e-01 8.24511861e-02 4.52360673e-01
 3.84024167e-01 7.06758992e-02 4.30273971e-01
 3.95908602e-01 5.52145280e-02 4.01265590e-01
 4.10191459e-01 3.57528972e-02 3.64745944e-01
 4.27152050e-01 1.18982441e-02 3.19977914e-01
 4.47132265e-01 -1.68386090e-02 2.66043380e-01
