 -2.64573255e-01 -1.60271379e-01 3.01925107e-01
 -2.58939580e-01 -1.53056474e-01 3.13203794e-01
 -2.53614610e-01 -1.46739887e-01 3.23080751e-01
 -2.48574372e-01 -1.41273048e-01 3.31631809e-01
 -2.43796501e-01 -1.36610499e-01 3.38927944e-01
 -2.39260080e-01 -1.32709525e-01 3.45035848e-01
 -2.34945502e-01 -1.29529824e-01 3.50018442e-01
 -2.30834342e-01 -1.27033216e-01 3.53935334e-01
 -2.26909248e-01 -1.25183371e-01 3.56843247e-01
 -2.23740203e-01 -1.26258862e-01 3.55188022e-01
 -2.20117529e-01 -1.25549905e-01 3.56316253e-01
 -2.16609896e-01 -1.25286244e-01 3.56749883e-01
 -2.13190324e-01 -1.25377853e-01 3.56629359e-01
 -2.09833347e-01 -1.25735150e-01 3.56094437e-01
 -2.06514927e-01 -1.26268698e-01 3.55284629e-01
 -2.03212413e-01 -1.26889003e-01 3.54339531e-01
 -1.99904510e-01 -1.27506390e-01 3.53399014e-01
 -1.96574299e-01 -1.28044581e-01 3.52582043e-01
 -1.93209454e-01 -1.28442876e-01 3.51983282e-01
 -1.89816696e-01 -1.28724983e-01 3.51565746e-01
 -1.86400439e-01 -1.28905402e-01 3.51306812e-01
 -1.82964881e-01 -1.28998682e-01 3.51183783e-01
 -1.79513996e-01 -1.29019402e-01 3.51173916e-01
 -1.76051537e-01 -1.28982160e-01 3.51254440e-01
 -1.72581030e-01 -1.28901567e-01 3.51402567e-01
 -1.69114889e-01 -1.28839947e-01 3.51521102e-01
 -1.65636994e-01 -1.28712348e-01 3.51742522e-01
 -1.62157364e-01 -1.28569232e-01 3.51988133e-01
 -1.58676505e-01 -1.28412409e-01 3.52255109e-01
 -1.55194896e-01 -1.28243693e-01 3.52540623e-01
 -1.51712985e-01 -1.28064895e-01 3.52841849e-01
 -1.48231196e-01 -1.27877825e-01 3.53155964e-01
 -1.44749920e-01 -1.27684292e-01 3.53480145e-01
 -1.41272762e-01 -1.27506383e-01 3.53779957e-01
 -1.37793533e-01 -1.27305562e-01 3.54115482e-01
 -1.34316028e-01 -1.27105047e-01 3.54450521e-01
 -1.30840711e-01 -1.26907986e-01 3.54780164e-01
 -1.27367996e-01 -1.26717528e-01 3.55099501e-01
 -1.23898246e-01 -1.26536817e-01 3.55403629e-01
 -1.20431776e-01 -1.26368998e-01 3.55687650e-01
 -1.16968852e-01 -1.26217210e-01 3.55946667e-01
 -1.13509689e-01 -1.26084594e-01 3.56175785e-01
 -1.10061332e-01 -1.26029424e-01 3.56284156e-01
 -1.06609494e-01 -1.25940955e-01 3.56444435e-01
 -1.03160903e-01 -1.25873404e-01 3.56572100e-01
 -9.97151744e-02 -1.25825525e-01 3.56669092e-01
 -9.62719422e-02 -1.25796077e-01 3.56737347e-01
 -9.28308604e-02 -1.25783820e-01 3.56778802e-01
 -8.93916022e-02 -1.25787513e-01 3.56795389e-01
 -8.59538604e-02 -1.25805919e-01 3.56789041e-01
 -8.25160999e-02 -1.25824464e-01 3.56782476e-01
 -7.90804760e-02 -1.25867213e-01 3.56738181e-01
 -7.56452492e-02 -1.25917178e-01 3.56682640e-01
 -7.22100273e-02 -1.25970597e-01 3.56621715e-01
 -6.87744769e-02 -1.26023710e-01 3.56561270e-01
 -6.53383229e-02 -1.26072755e-01 3.56507167e-01
 -6.19013492e-02 -1.26113969e-01 3.56465271e-01
 -5.84633979e-02 -1.26143590e-01 3.56441446e-01
 -5.50239271e-02 -1.26150751e-01 3.56452630e-01
 -5.15839536e-02 -1.26148353e-01 3.56478711e-01
 -4.81433809e-02 -1.26132579e-01 3.56525639e-01
 -4.47025599e-02 -1.26107271e-01 3.56587425e-01
 -4.12617818e-02 -1.26076271e-01 3.56658081e-01
 -3.78212777e-02 -1.26043419e-01 3.56731620e-01
 -3.43812188e-02 -1.26012557e-01 3.56802056e-01
 -3.09417166e-02 -1.25987524e-01 3.56863404e-01
 -2.75028225e-02 -1.25972161e-01 3.56909682e-01
 -2.40649849e-02 -1.25987050e-01 3.56908811e-01
 -2.06269905e-02 -1.25995414e-01 3.56918108e-01
 -1.71892172e-02 -1.26012746e-01 3.56913429e-01
 -1.37515250e-02 -1.26036776e-01 3.56898311e-01
 -1.03138089e-02 -1.26065235e-01 3.56876293e-01
 -6.87599948e-03 -1.26095852e-01 3.56850911e-01
 -3.43806276e-03 -1.26126358e-01 3.56825704e-01
 0.00000000e+00 -1.26154482e-01 3.56804210e-01
 3.43803960e-03 -1.26149072e-01 3.56834969e-01
 6.87611561e-03 -1.26168076e-01 3.56827686e-01
 1.03141816e-02 -1.26183109e-01 3.56826590e-01
 1.37522024e-02 -1.26194885e-01 3.56830567e-01
 1.71901538e-02 -1.26204120e-01 3.56838505e-01
 2.06280227e-02 -1.26211526e-01 3.56849291e-01
 2.40658074e-02 -1.26217819e-01 3.56861811e-01
 2.75035171e-02 -1.26223713e-01 3.56874953e-01
 3.09411962e-02 -1.26230611e-01 3.56886530e-01
 3.43788062e-02 -1.26237216e-01 3.56898561e-01
 3.78163555e-02 -1.26243812e-01 3.56910608e-01
 4.12538229e-02 -1.26249943e-01 3.56923377e-01
 4.46911800e-02 -1.26255155e-01 3.56937578e-01
 4.81283911e-02 -1.26258994e-01 3.56953918e-01
 5.15654138e-02 -1.26261003e-01 3.56973107e-01
 5.50021983e-02 -1.26260730e-01 3.56995851e-01
 5.84405035e-02 -1.26285143e-01 3.56980136e-01
 6.18767690e-02 -1.26279339e-01 3.57011495e-01
 6.53127224e-02 -1.26271435e-01 3.57046125e-01
 6.87484002e-02 -1.26262214e-01 3.57082804e-01
 7.21838509e-02 -1.26252458e-01 3.57120315e-01
 7.56191354e-02 -1.26242952e-01 3.57157436e-01
 7.90543269e-02 -1.26234477e-01 3.57192949e-01
 8.24895104e-02 -1.26227816e-01 3.57225635e-01
 8.59247834e-02 -1.26223753e-01 3.57254274e-01
 8.93599677e-02 -1.26220228e-01 3.57282073e-01
 9.27957267e-02 -1.26223488e-01 3.57299302e-01
 9.62318982e-02 -1.26231323e-01 3.57309404e-01
 9.96686033e-02 -1.26244330e-01 3.57311452e-01
 1.03105972e-01 -1.26263106e-01 3.57304513e-01
 1.06544144e-01 -1.26288248e-01 3.57287657e-01
 1.09983268e-01 -1.26320355e-01 3.57259955e-01
 1.13423502e-01 -1.26360025e-01 3.57220475e-01
 1.16854854e-01 -1.26331104e-01 3.57287823e-01
 1.20297114e-01 -1.26384706e-01 3.57226646e-01
 1.23740102e-01 -1.26441317e-01 3.57160782e-01
 1.27183417e-01 -1.26497908e-01 3.57094952e-01
 1.30626609e-01 -1.26551450e-01 3.57033872e-01
 1.34069183e-01 -1.26598912e-01 3.56982263e-01
 1.37510596e-01 -1.26637263e-01 3.56944843e-01
 1.40950259e-01 -1.26663472e-01 3.56926334e-01
 1.44393658e-01 -1.26711973e-01 3.56873110e-01
 1.47828357e-01 -1.26706908e-01 3.56903302e-01
 1.51260263e-01 -1.26686424e-01 3.56957504e-01
 1.54689346e-01 -1.26651366e-01 3.57034397e-01
 1.58115587e-01 -1.26602584e-01 3.57132660e-01
 1.61538981e-01 -1.26540924e-01 3.57250971e-01
 1.64959536e-01 -1.26467235e-01 3.57388009e-01
 1.68377274e-01 -1.26382365e-01 3.57542452e-01
 1.71824233e-01 -1.26451597e-01 3.57456945e-01
 1.75237532e-01 -1.26349121e-01 3.57638794e-01
 1.78649924e-01 -1.26246656e-01 3.57820622e-01
 1.82063011e-01 -1.26151962e-01 3.57990344e-01
 1.85478515e-01 -1.26072799e-01 3.58135880e-01
 1.88898277e-01 -1.26016922e-01 3.58245155e-01
 1.92324260e-01 -1.25992088e-01 3.58306095e-01
 1.95758546e-01 -1.26006055e-01 3.58306626e-01
 1.99155681e-01 -1.25855462e-01 3.58563353e-01
 2.02611839e-01 -1.25967483e-01 3.58411223e-01
 2.06079321e-01 -1.26124744e-01 3.58188667e-01
 2.09556500e-01 -1.26318166e-01 3.57909823e-01
 2.13041607e-01 -1.26538669e-01 3.57588828e-01
 2.16532729e-01 -1.26777167e-01 3.57239829e-01
 2.20027812e-01 -1.27024567e-01 3.56876982e-01
 2.23524657e-01 -1.27271768e-01 3.56514456e-01
 2.27020922e-01 -1.27509659e-01 3.56166433e-01
 2.30462443e-01 -1.27530927e-01 3.56155628e-01
 2.33947882e-01 -1.27717955e-01 3.55886796e-01
 2.37422041e-01 -1.27857971e-01 3.55691152e-01
 2.40880274e-01 -1.27935937e-01 3.55592099e-01
 2.44317705e-01 -1.27936822e-01 3.55613032e-01
 2.47729229e-01 -1.27845609e-01 3.55777316e-01
 2.51109513e-01 -1.27647314e-01 3.56108268e-01
 2.54453009e-01 -1.27326997e-01 3.56629136e-01
 2.58011306e-01 -1.27751625e-01 3.55990510e-01
 2.61276370e-01 -1.27173889e-01 3.56912019e-01
 2.64513236e-01 -1.26517398e-01 3.57956076e-01
 2.67734246e-01 -1.25825840e-01 3.59054676e-01
 2.70952383e-01 -1.25142787e-01 3.60140007e-01
 2.74181271e-01 -1.24511685e-01 3.61144451e-01
 2.77435174e-01 -1.23975871e-01 3.62000565e-01
 2.80729004e-01 -1.23578604e-01 3.62641032e-01
 2.84001609e-01 -1.23125513e-01 3.63368357e-01
 2.87418052e-01 -1.23123663e-01 3.63393418e-01
 2.90908544e-01 -1.23346107e-01 3.63069425e-01
 2.94478465e-01 -1.23801114e-01 3.62383530e-01
 2.98133384e-01 -1.24497129e-01 3.61322605e-01
 3.01879072e-01 -1.25442802e-01 3.59873207e-01
 3.05721510e-01 -1.26647005e-01 3.58021551e-01
 3.09666902e-01 -1.28118855e-01 3.55753464e-01
 3.13168732e-01 -1.28305740e-01 3.55484951e-01
 3.17320754e-01 -1.30305604e-01 3.52395356e-01
 3.21524613e-01 -1.32406116e-01 3.49149245e-01
 3.25713105e-01 -1.34420278e-01 3.46037595e-01
 3.29815550e-01 -1.36159554e-01 3.43353757e-01
 3.33757896e-01 -1.37434224e-01 3.41392909e-01
 3.37462970e-01 -1.38054105e-01 3.40450930e-01
 3.40850888e-01 -1.37829647e-01 3.40822693e-01
 3.43839629e-01 -1.36573404e-01 3.42799782e-01
 3.48188476e-01 -1.38839268e-01 3.39296904e-01
 3.50242063e-01 -1.35218012e-01 3.44953530e-01
 3.51863672e-01 -1.30579096e-01 3.52193269e-01
 3.53099203e-01 -1.25066681e-01 3.60791766e-01
 3.53996622e-01 -1.18824500e-01 3.70525340e-01
 3.54605484e-01 -1.11994715e-01 3.81172774e-01
 3.54976523e-01 -1.04716981e-01 3.92516759e-01
 3.55161303e-01 -9.71277411e-02 4.04345003e-01
 3.53166511e-01 -8.44899898e-02 4.24026691e-01
 3.53187766e-01 -7.68397910e-02 4.35948913e-01
 3.53330355e-01 -6.96123264e-02 4.47213153e-01
 3.53747847e-01 -6.31519323e-02 4.57283792e-01
 3.54595522e-01 -5.77946003e-02 4.65638228e-01
 3.56031755e-01 -5.38714866e-02 4.71761409e-01
 3.58219985e-01 -5.17135800e-02 4.75138578e-01
 3.61331336e-01 -5.16575583e-02 4.75246160e-01
 3.71853271e-01 -6.80309629e-02 4.49798150e-01
 3.77410243e-01 -7.32124771e-02 4.41759379e-01
 3.84301894e-01 -8.12152942e-02 4.29332522e-01
 3.92594230e-01 -9.21110619e-02 4.12406339e-01
 4.02367275e-01 -1.05999100e-01 3.90826558e-01
 4.13716706e-01 -1.23008717e-01 3.64392274e-01
 4.26755901e-01 -1.43302310e-01 3.32851131e-01
 4.41618509e-01 -1.67079395e-01 2.95893056e-01
 4.58461651e-01 -1.94581755e-01 2.53142257e-01
