 -1.82825384e-01 2.43054907e+00 5.33195833e-01
 -1.79830204e-01 2.43054170e+00 5.33182784e-01
 -1.76834490e-01 2.43053024e+00 5.33172911e-01
 -1.73838232e-01 2.43051439e+00 5.33166447e-01
 -1.70841424e-01 2.43049385e+00 5.33163623e-01
 -1.67844059e-01 2.43046833e+00 5.33164672e-01
 -1.64846135e-01 2.43043753e+00 5.33169826e-01
 -1.61847651e-01 2.43040114e+00 5.33179316e-01
 -1.58849417e-01 2.43036672e+00 5.33187284e-01
 -1.55849836e-01 2.43031857e+00 5.33205916e-01
 -1.52849801e-01 2.43026490e+00 5.33228840e-01
 -1.49849382e-01 2.43020610e+00 5.33255751e-01
 -1.46848647e-01 2.43014257e+00 5.33286343e-01
 -1.43847660e-01 2.43007469e+00 5.33320310e-01
 -1.40846482e-01 2.43000286e+00 5.33357346e-01
 -1.37845171e-01 2.42992749e+00 5.33397144e-01
 -1.34846539e-01 2.42988046e+00 5.33414909e-01
 -1.31845297e-01 2.42980188e+00 5.33457199e-01
 -1.28844553e-01 2.42972672e+00 5.33496830e-01
 -1.25844588e-01 2.42965869e+00 5.33530923e-01
 -1.22845656e-01 2.42960149e+00 5.33556602e-01
 -1.19847982e-01 2.42955882e+00 5.33570987e-01
 -1.16851762e-01 2.42953439e+00 5.33571201e-01
 -1.13850418e-01 2.42944055e+00 5.33625355e-01
 -1.10857591e-01 2.42946141e+00 5.33590363e-01
 -1.07865885e-01 2.42950081e+00 5.33540969e-01
 -1.04874791e-01 2.42955283e+00 5.33481764e-01
 -1.01883845e-01 2.42961156e+00 5.33417342e-01
 -9.88926274e-02 2.42967109e+00 5.33352293e-01
 -9.59007674e-02 2.42972551e+00 5.33291214e-01
 -9.29079384e-02 2.42976891e+00 5.33238700e-01
 -8.99152217e-02 2.42981874e+00 5.33181185e-01
 -8.69194576e-02 2.42981960e+00 5.33161738e-01
 -8.39216139e-02 2.42978402e+00 5.33170609e-01
 -8.09213247e-02 2.42970099e+00 5.33216368e-01
 -7.79183097e-02 2.42955949e+00 5.33307581e-01
 -7.49123754e-02 2.42934851e+00 5.33452801e-01
 -7.19034144e-02 2.42905707e+00 5.33660568e-01
 -6.88914058e-02 2.42867422e+00 5.33939403e-01
 -6.58931359e-02 2.42858011e+00 5.33993790e-01
 -6.28763063e-02 2.42802458e+00 5.34406878e-01
 -5.98598960e-02 2.42742672e+00 5.34852888e-01
 -5.68453583e-02 2.42681919e+00 5.35306422e-01
 -5.38338903e-02 2.42623461e+00 5.35742135e-01
 -5.08264335e-02 2.42570551e+00 5.36134725e-01
 -4.78236749e-02 2.42526438e+00 5.36458936e-01
 -4.47817455e-02 2.42342410e+00 5.37870927e-01
 -4.17919847e-02 2.42324159e+00 5.37994103e-01
 -3.88060596e-02 2.42318652e+00 5.38018203e-01
 -3.58229091e-02 2.42324524e+00 5.37953838e-01
 -3.28415783e-02 2.42340413e+00 5.37811595e-01
 -2.98612191e-02 2.42364957e+00 5.37602045e-01
 -2.68810887e-02 2.42396799e+00 5.37335752e-01
 -2.39005506e-02 2.42434579e+00 5.37023280e-01
 -2.09311691e-02 2.42565832e+00 5.35984002e-01
 -1.79465497e-02 2.42610987e+00 5.35614158e-01
 -1.49601550e-02 2.42656900e+00 5.35238409e-01
 -1.19717816e-02 2.42701527e+00 5.34872643e-01
 -8.98138529e-03 2.42742823e+00 5.34532769e-01
 -5.98908043e-03 2.42778739e+00 5.34234722e-01
 -2.99514090e-03 2.42807225e+00 5.33994448e-01
 0.00000000e+00 2.42808762e+00 5.33963723e-01
 2.99542372e-03 2.42816944e+00 5.33881321e-01
 5.99089806e-03 2.42815832e+00 5.33871195e-01
 8.98601155e-03 2.42807664e+00 5.33915935e-01
 1.19805269e-02 2.42794682e+00 5.33998120e-01
 1.49743809e-02 2.42779125e+00 5.34100334e-01
 1.79676847e-02 2.42763231e+00 5.34205163e-01
 2.09607231e-02 2.42749240e+00 5.34295203e-01
 2.39528501e-02 2.42732284e+00 5.34408304e-01
 2.69465483e-02 2.42727539e+00 5.34426441e-01
 2.99410314e-02 2.42727298e+00 5.34409550e-01
 3.29364019e-02 2.42730810e+00 5.34363465e-01
 3.59327037e-02 2.42737326e+00 5.34294018e-01
 3.89299225e-02 2.42746096e+00 5.34207039e-01
 4.19279857e-02 2.42756370e+00 5.34108360e-01
 4.49267623e-02 2.42767397e+00 5.34003813e-01
 4.79217312e-02 2.42764506e+00 5.34007527e-01
 5.09205179e-02 2.42773220e+00 5.33920976e-01
 5.39180442e-02 2.42777097e+00 5.33872047e-01
 5.69130456e-02 2.42773477e+00 5.33881427e-01
 5.99040509e-02 2.42759703e+00 5.33969790e-01
 6.28893836e-02 2.42733121e+00 5.34157786e-01
 6.58671635e-02 2.42691083e+00 5.34466017e-01
 6.88460765e-02 2.42655025e+00 5.34727737e-01
 7.18033680e-02 2.42575447e+00 5.35328008e-01
 7.47492904e-02 2.42478661e+00 5.36062162e-01
 7.76842726e-02 2.42367502e+00 5.36908152e-01
 8.06089618e-02 2.42244799e+00 5.37843966e-01
 8.35242210e-02 2.42113375e+00 5.38847650e-01
 8.64311272e-02 2.41976043e+00 5.39897329e-01
 8.93309693e-02 2.41835603e+00 5.40971217e-01
 9.22664690e-02 2.41763214e+00 5.41515724e-01
 9.51581339e-02 2.41624771e+00 5.42574133e-01
 9.80477522e-02 2.41491388e+00 5.43593205e-01
 1.00937369e-01 2.41365711e+00 5.44552352e-01
 1.03829228e-01 2.41250377e+00 5.45431063e-01
 1.06725772e-01 2.41148012e+00 5.46208892e-01
 1.09629647e-01 2.41061239e+00 5.46865435e-01
 1.12543698e-01 2.40992677e+00 5.47380303e-01
 1.15507444e-01 2.40993018e+00 5.47359072e-01
 1.18450778e-01 2.40966988e+00 5.47543027e-01
 1.21411371e-01 2.40963753e+00 5.47549622e-01
 1.24391278e-01 2.40984198e+00 5.47371966e-01
 1.27392634e-01 2.41029221e+00 5.47003049e-01
 1.30417658e-01 2.41099740e+00 5.46435737e-01
 1.33468657e-01 2.41196689e+00 5.45662747e-01
 1.36344778e-01 2.41093894e+00 5.46444042e-01
 1.39448195e-01 2.41243964e+00 5.45257661e-01
 1.42576475e-01 2.41414303e+00 5.43913519e-01
 1.45724837e-01 2.41598652e+00 5.42460303e-01
 1.48887981e-01 2.41790723e+00 5.40946962e-01
 1.52060078e-01 2.41984184e+00 5.39422748e-01
 1.55234763e-01 2.42172667e+00 5.37937242e-01
 1.58405136e-01 2.42349757e+00 5.36540344e-01
 1.61585955e-01 2.42530137e+00 5.35117807e-01
 1.64727035e-01 2.42666730e+00 5.34036006e-01
 1.67844226e-01 2.42776429e+00 5.33163477e-01
 1.70931435e-01 2.42855156e+00 5.32531964e-01
 1.73982264e-01 2.42898847e+00 5.32173124e-01
 1.76990025e-01 2.42903458e+00 5.32118431e-01
 1.79947758e-01 2.42864982e+00 5.32399085e-01
 1.83134924e-01 2.43020986e+00 5.31166063e-01
 1.85978066e-01 2.42886716e+00 5.32192320e-01
 1.88766904e-01 2.42712338e+00 5.33530785e-01
 1.91512695e-01 2.42508773e+00 5.35096463e-01
 1.94227490e-01 2.42286898e+00 5.36804718e-01
 1.96924095e-01 2.42057517e+00 5.38571444e-01
 1.99616057e-01 2.41831356e+00 5.40313156e-01
 2.02317646e-01 2.41619058e+00 5.41947007e-01
 2.05147123e-01 2.41508093e+00 5.42792123e-01
 2.07913779e-01 2.41354116e+00 5.43972071e-01
 2.10733133e-01 2.41242554e+00 5.44821890e-01
 2.13619274e-01 2.41181690e+00 5.45277065e-01
 2.16586995e-01 2.41179853e+00 5.45272754e-01
 2.19651856e-01 2.41245451e+00 5.44743477e-01
 2.22830258e-01 2.41387019e+00 5.43622763e-01
 2.26139534e-01 2.41613274e+00 5.41842736e-01
 2.28246326e-01 2.41031196e+00 5.46355608e-01
 2.31810410e-01 2.41423932e+00 5.43279474e-01
 2.35473258e-01 2.41870886e+00 5.39781147e-01
 2.39201116e-01 2.42348344e+00 5.36045229e-01
 2.42957824e-01 2.42832239e+00 5.32259083e-01
 2.46704721e-01 2.43298111e+00 5.28613144e-01
 2.50400618e-01 2.43721118e+00 5.25300841e-01
 2.53834853e-01 2.43973948e+00 5.23313415e-01
 2.57296787e-01 2.44237507e+00 5.21242399e-01
 2.60587645e-01 2.44392678e+00 5.20015248e-01
 2.63673942e-01 2.44423429e+00 5.19756820e-01
 2.66521535e-01 2.44314077e+00 5.20589285e-01
 2.69095960e-01 2.44049458e+00 5.22630761e-01
 2.71362820e-01 2.43615119e+00 5.25993831e-01
 2.73288207e-01 2.42997525e+00 5.30783964e-01
 2.77333307e-01 2.43576877e+00 5.26253820e-01
 2.78613048e-01 2.42616270e+00 5.33715118e-01
 2.79811840e-01 2.41631843e+00 5.41362128e-01
 2.81142104e-01 2.40739207e+00 5.48294580e-01
 2.82818945e-01 2.40050582e+00 5.53638537e-01
 2.85062581e-01 2.39676264e+00 5.56535010e-01
 2.88102948e-01 2.39727135e+00 5.56120409e-01
 2.92186675e-01 2.40318247e+00 5.51498585e-01
 2.94845031e-01 2.40165363e+00 5.52670682e-01
 3.01924500e-01 2.42263749e+00 5.36310213e-01
 3.11238021e-01 2.45445817e+00 5.11509550e-01
 3.23413824e-01 2.49993217e+00 4.76074793e-01
 3.39257939e-01 2.56264556e+00 4.27212579e-01
 3.59849715e-01 2.64738439e+00 3.61194749e-01
 3.86696671e-01 2.76082838e+00 2.72818087e-01
 4.22691613e-01 2.91605612e+00 1.51895245e-01
 4.69837548e-01 3.12142978e+00 -8.08826008e-03
 5.33862590e-01 3.40255511e+00 -2.27077963e-01
 6.23504164e-01 3.79815453e+00 -5.35237063e-01
 7.55052294e-01 4.38049485e+00 -9.88858359e-01
 9.62702588e-01 5.30135700e+00 -1.70617272e+00
 1.33238706e+00 6.94225556e+00 -2.98436356e+00
 2.15893287e+00 1.06122765e+01 -5.84315225e+00
 6.31646540e+00 2.90922961e+01 -2.02382636e+01
 -8.62209570e+00 -3.72807532e+01 3.14634153e+01
 -2.62527004e+00 -1.06347223e+01 1.07073330e+01
 -1.57595297e+00 -5.97069697e+00 7.07426427e+00
 -1.14221153e+00 -4.04138514e+00 5.57141728e+00
 -9.06675259e-01 -2.99239392e+00 4.75430167e+00
 -7.59645296e-01 -2.33634982e+00 4.24327493e+00
 -6.59714977e-01 -1.88930623e+00 3.89505073e+00
