 -2.01018847e-01 1.95961889e+00 4.55740669e-01
 -1.97764750e-01 1.95923638e+00 4.56149198e-01
 -1.94498737e-01 1.95877494e+00 4.56649254e-01
 -1.91222845e-01 1.95824233e+00 4.57231838e-01
 -1.87939022e-01 1.95764634e+00 4.57887947e-01
 -1.84649123e-01 1.95699471e+00 4.58608583e-01
 -1.81354911e-01 1.95629521e+00 4.59384763e-01
 -1.78058060e-01 1.95555557e+00 4.60207520e-01
 -1.74621191e-01 1.95391190e+00 4.62078513e-01
 -1.71326648e-01 1.95311781e+00 4.62964524e-01
 -1.68034459e-01 1.95231024e+00 4.63866208e-01
 -1.64746177e-01 1.95149872e+00 4.64772526e-01
 -1.61463237e-01 1.95069272e+00 4.65672476e-01
 -1.58186964e-01 1.94990171e+00 4.66555097e-01
 -1.54918564e-01 1.94913511e+00 4.67409468e-01
 -1.51712886e-01 1.94878855e+00 4.67776759e-01
 -1.48463005e-01 1.94810416e+00 4.68535868e-01
 -1.45225503e-01 1.94748414e+00 4.69220345e-01
 -1.42001920e-01 1.94694461e+00 4.69811522e-01
 -1.38793606e-01 1.94650163e+00 4.70290757e-01
 -1.35601725e-01 1.94617125e+00 4.70639410e-01
 -1.32427259e-01 1.94596956e+00 4.70838820e-01
 -1.29274280e-01 1.94594023e+00 4.70838324e-01
 -1.26134260e-01 1.94602265e+00 4.70708211e-01
 -1.23007721e-01 1.94623001e+00 4.70433157e-01
 -1.19891827e-01 1.94654644e+00 4.70031579e-01
 -1.16783927e-01 1.94695607e+00 4.69521870e-01
 -1.13681555e-01 1.94744304e+00 4.68922420e-01
 -1.10582428e-01 1.94799147e+00 4.68251634e-01
 -1.07445176e-01 1.94818726e+00 4.67989915e-01
 -1.04347934e-01 1.94881474e+00 4.67227362e-01
 -1.01249217e-01 1.94946737e+00 4.66435594e-01
 -9.81480573e-02 1.95013683e+00 4.65624262e-01
 -9.50435819e-02 1.95081477e+00 4.64803049e-01
 -9.19350125e-02 1.95149282e+00 4.63981669e-01
 -8.88216658e-02 1.95216257e+00 4.63169868e-01
 -8.57403184e-02 1.95329268e+00 4.61823868e-01
 -8.26143276e-02 1.95392005e+00 4.61061152e-01
 -7.94818826e-02 1.95451098e+00 4.60340685e-01
 -7.63425670e-02 1.95505492e+00 4.59674691e-01
 -7.31960851e-02 1.95554135e+00 4.59075414e-01
 -7.00422629e-02 1.95595969e+00 4.58555119e-01
 -6.68810485e-02 1.95629938e+00 4.58126074e-01
 -6.37003635e-02 1.95634046e+00 4.58043538e-01
 -6.05257370e-02 1.95649893e+00 4.57824766e-01
 -5.73458388e-02 1.95657740e+00 4.57698834e-01
 -5.41620416e-02 1.95658958e+00 4.57649828e-01
 -5.09755599e-02 1.95654922e+00 4.57661810e-01
 -4.77874492e-02 1.95647005e+00 4.57718829e-01
 -4.45986057e-02 1.95636583e+00 4.57804932e-01
 -4.14105303e-02 1.95627056e+00 4.57880645e-01
 -3.82221151e-02 1.95615467e+00 4.57980305e-01
 -3.50342912e-02 1.95604169e+00 4.58076584e-01
 -3.18470901e-02 1.95593360e+00 4.58167205e-01
 -2.86605206e-02 1.95583234e+00 4.58249894e-01
 -2.54745686e-02 1.95573987e+00 4.58322377e-01
 -2.22891975e-02 1.95565816e+00 4.58382380e-01
 -1.91050750e-02 1.95563093e+00 4.58379143e-01
 -1.59205318e-02 1.95557582e+00 4.58408266e-01
 -1.27362734e-02 1.95553271e+00 4.58423463e-01
 -9.55217230e-03 1.95549892e+00 4.58427834e-01
 -6.36813164e-03 1.95547179e+00 4.58424480e-01
 -3.18408577e-03 1.95544864e+00 4.58416500e-01
 0.00000000e+00 1.95542681e+00 4.58406992e-01
 3.18412938e-03 1.95540363e+00 4.58399056e-01
 6.36811102e-03 1.95534816e+00 4.58428603e-01
 9.55215755e-03 1.95531711e+00 4.58429801e-01
 1.27361523e-02 1.95528212e+00 4.58435582e-01
 1.59200639e-02 1.95524339e+00 4.58445694e-01
 1.91038639e-02 1.95520116e+00 4.58459883e-01
 2.22875260e-02 1.95515563e+00 4.58477896e-01
 2.54710266e-02 1.95510703e+00 4.58499479e-01
 2.86543236e-02 1.95505478e+00 4.58525313e-01
 3.18374474e-02 1.95500100e+00 4.58552911e-01
 3.50203773e-02 1.95494547e+00 4.58582543e-01
 3.82031188e-02 1.95488880e+00 4.58613514e-01
 4.13856847e-02 1.95483157e+00 4.58645125e-01
 4.45680945e-02 1.95477440e+00 4.58676680e-01
 4.77503746e-02 1.95471787e+00 4.58707484e-01
 5.09332227e-02 1.95467688e+00 4.58720240e-01
 5.41153720e-02 1.95462303e+00 4.58747937e-01
 5.72974581e-02 1.95457063e+00 4.58773960e-01
 6.04794926e-02 1.95451964e+00 4.58798333e-01
 6.36614865e-02 1.95447006e+00 4.58821077e-01
 6.68434511e-02 1.95442186e+00 4.58842216e-01
 7.00253970e-02 1.95437503e+00 4.58861770e-01
 7.32072114e-02 1.95432769e+00 4.58881913e-01
 7.63891363e-02 1.95428338e+00 4.58898536e-01
 7.95710438e-02 1.95423998e+00 4.58914106e-01
 8.27529203e-02 1.95419720e+00 4.58928957e-01
 8.59347487e-02 1.95415476e+00 4.58943419e-01
 8.91165088e-02 1.95411236e+00 4.58957824e-01
 9.22981769e-02 1.95406973e+00 4.58972505e-01
 9.54789656e-02 1.95401786e+00 4.58997933e-01
 9.86603488e-02 1.95397399e+00 4.59014049e-01
 1.01841578e-01 1.95392934e+00 4.59031079e-01
 1.05022642e-01 1.95388385e+00 4.59049092e-01
 1.08203525e-01 1.95383745e+00 4.59068162e-01
 1.11384214e-01 1.95379008e+00 4.59088359e-01
 1.14564695e-01 1.95374168e+00 4.59109756e-01
 1.17745197e-01 1.95369448e+00 4.59129761e-01
 1.20925232e-01 1.95364396e+00 4.59153624e-01
 1.24105066e-01 1.95359271e+00 4.59178335e-01
 1.27284729e-01 1.95354105e+00 4.59203516e-01
 1.30464257e-01 1.95348933e+00 4.59228786e-01
 1.33643689e-01 1.95343785e+00 4.59253765e-01
 1.36823069e-01 1.95338696e+00 4.59278074e-01
 1.40003136e-01 1.95334239e+00 4.59295028e-01
 1.43182551e-01 1.95329349e+00 4.59317023e-01
 1.46361973e-01 1.95324546e+00 4.59337997e-01
 1.49541373e-01 1.95319804e+00 4.59358273e-01
 1.52720716e-01 1.95315094e+00 4.59378173e-01
 1.55899966e-01 1.95310389e+00 4.59398020e-01
 1.59079084e-01 1.95305661e+00 4.59418135e-01
 1.62258028e-01 1.95300884e+00 4.59438824e-01
 1.65436763e-01 1.95296037e+00 4.59460324e-01
 1.68615322e-01 1.95291146e+00 4.59482341e-01
 1.71793754e-01 1.95286244e+00 4.59504480e-01
 1.74972113e-01 1.95281366e+00 4.59526347e-01
 1.78150457e-01 1.95276546e+00 4.59547546e-01
 1.81328845e-01 1.95271817e+00 4.59567682e-01
 1.84507345e-01 1.95267214e+00 4.59586360e-01
 1.87684638e-01 1.95261961e+00 4.59612586e-01
 1.90863429e-01 1.95257644e+00 4.59627945e-01
 1.94042321e-01 1.95253426e+00 4.59642146e-01
 1.97221259e-01 1.95249273e+00 4.59655587e-01
 2.00400188e-01 1.95245152e+00 4.59668665e-01
 2.03579045e-01 1.95241028e+00 4.59681776e-01
 2.06757767e-01 1.95236867e+00 4.59695319e-01
 2.09935387e-01 1.95232167e+00 4.59715127e-01
 2.13113615e-01 1.95227830e+00 4.59730719e-01
 2.16291489e-01 1.95223354e+00 4.59747930e-01
 2.19468930e-01 1.95218705e+00 4.59767153e-01
 2.22645854e-01 1.95213849e+00 4.59788784e-01
 2.25822172e-01 1.95208753e+00 4.59813216e-01
 2.28997793e-01 1.95203382e+00 4.59840845e-01
 2.32177300e-01 1.95199906e+00 4.59846424e-01
 2.35351445e-01 1.95193952e+00 4.59880835e-01
 2.38524955e-01 1.95187787e+00 4.59917713e-01
 2.41697962e-01 1.95181477e+00 4.59956273e-01
 2.44870602e-01 1.95175089e+00 4.59995734e-01
 2.48043022e-01 1.95168692e+00 4.60035312e-01
 2.51215375e-01 1.95162352e+00 4.60074224e-01
 2.54390641e-01 1.95157348e+00 4.60097605e-01
 2.57563455e-01 1.95151353e+00 4.60132510e-01
 2.60736901e-01 1.95145696e+00 4.60163487e-01
 2.63911296e-01 1.95140496e+00 4.60189141e-01
 2.67086973e-01 1.95135874e+00 4.60208081e-01
 2.70264278e-01 1.95131948e+00 4.60218911e-01
 2.73443572e-01 1.95128839e+00 4.60220241e-01
 2.76609659e-01 1.95120515e+00 4.60282262e-01
 2.79793516e-01 1.95119254e+00 4.60262098e-01
 2.82979302e-01 1.95118697e+00 4.60233721e-01
 2.86166496e-01 1.95118625e+00 4.60199716e-01
 2.89354552e-01 1.95118814e+00 4.60162666e-01
 2.92542900e-01 1.95119042e+00 4.60125153e-01
 2.95730943e-01 1.95119088e+00 4.60089763e-01
 2.98910620e-01 1.95116011e+00 4.60090721e-01
 3.02095675e-01 1.95114881e+00 4.60069017e-01
 3.05276897e-01 1.95112340e+00 4.60063735e-01
 3.08452266e-01 1.95107717e+00 4.60082699e-01
 3.11619685e-01 1.95100339e+00 4.60133727e-01
 3.14776978e-01 1.95089535e+00 4.60224634e-01
 3.17921895e-01 1.95074636e+00 4.60363229e-01
 3.21104231e-01 1.95072702e+00 4.60350883e-01
 3.24218115e-01 1.95047690e+00 4.60607221e-01
 3.27313720e-01 1.95017010e+00 4.60929565e-01
 3.30389703e-01 1.94980381e+00 4.61321182e-01
 3.33444690e-01 1.94937526e+00 4.61785322e-01
 3.36477282e-01 1.94888166e+00 4.62325214e-01
 3.39486055e-01 1.94832027e+00 4.62944060e-01
 3.42469558e-01 1.94768838e+00 4.63645039e-01
