 -2.02850999e-01 1.83445785e+00 4.44107958e-01
 -1.99584016e-01 1.83418992e+00 4.44411993e-01
 -1.96351535e-01 1.83408700e+00 4.44499761e-01
 -1.93146704e-01 1.83412248e+00 4.44406113e-01
 -1.89963039e-01 1.83426983e+00 4.44165800e-01
 -1.86794405e-01 1.83450257e+00 4.43813531e-01
 -1.83635018e-01 1.83479421e+00 4.43384014e-01
 -1.80479435e-01 1.83511825e+00 4.42911989e-01
 -1.77376457e-01 1.83574718e+00 4.42040208e-01
 -1.74214686e-01 1.83606852e+00 4.41571649e-01
 -1.71047395e-01 1.83637155e+00 4.41127070e-01
 -1.67873270e-01 1.83664751e+00 4.40717958e-01
 -1.64691111e-01 1.83688762e+00 4.40355817e-01
 -1.61499831e-01 1.83708312e+00 4.40052162e-01
 -1.58298457e-01 1.83722522e+00 4.39818509e-01
 -1.55056855e-01 1.83711910e+00 4.39910347e-01
 -1.51834459e-01 1.83713465e+00 4.39842643e-01
 -1.48603539e-01 1.83709592e+00 4.39846125e-01
 -1.45366333e-01 1.83701447e+00 4.39905622e-01
 -1.42124933e-01 1.83690189e+00 4.40005959e-01
 -1.38881276e-01 1.83676976e+00 4.40131959e-01
 -1.35637147e-01 1.83662963e+00 4.40268452e-01
 -1.32394180e-01 1.83649307e+00 4.40400274e-01
 -1.29162216e-01 1.83643538e+00 4.40428645e-01
 -1.25924032e-01 1.83632794e+00 4.40522271e-01
 -1.22688083e-01 1.83623470e+00 4.40597298e-01
 -1.19454076e-01 1.83615436e+00 4.40655388e-01
 -1.16221735e-01 1.83608568e+00 4.40698201e-01
 -1.12990798e-01 1.83602737e+00 4.40727397e-01
 -1.09761025e-01 1.83597818e+00 4.40744636e-01
 -1.06532450e-01 1.83593928e+00 4.40748386e-01
 -1.03304272e-01 1.83590398e+00 4.40747403e-01
 -1.00076477e-01 1.83587248e+00 4.40741426e-01
 -9.68488025e-02 1.83584252e+00 4.40733441e-01
 -9.36210172e-02 1.83581181e+00 4.40726432e-01
 -9.03929196e-02 1.83577809e+00 4.40723384e-01
 -8.71643380e-02 1.83573907e+00 4.40727282e-01
 -8.39339345e-02 1.83567847e+00 4.40759507e-01
 -8.07041246e-02 1.83562315e+00 4.40784814e-01
 -7.74738953e-02 1.83556089e+00 4.40819219e-01
 -7.42434909e-02 1.83549404e+00 4.40859661e-01
 -7.10131249e-02 1.83542492e+00 4.40903082e-01
 -6.77829803e-02 1.83535586e+00 4.40946421e-01
 -6.45532093e-02 1.83528920e+00 4.40986622e-01
 -6.13239336e-02 1.83522726e+00 4.41020627e-01
 -5.80951645e-02 1.83517102e+00 4.41047152e-01
 -5.48669277e-02 1.83512195e+00 4.41064273e-01
 -5.16389933e-02 1.83507701e+00 4.41075976e-01
 -4.84112219e-02 1.83503419e+00 4.41084890e-01
 -4.51835007e-02 1.83499149e+00 4.41093644e-01
 -4.19557431e-02 1.83494692e+00 4.41104865e-01
 -3.87278888e-02 1.83489846e+00 4.41121180e-01
 -3.54999968e-02 1.83484671e+00 4.41141833e-01
 -3.22719171e-02 1.83478609e+00 4.41174122e-01
 -2.90438598e-02 1.83472077e+00 4.41212595e-01
 -2.58159174e-02 1.83465250e+00 4.41254940e-01
 -2.25881593e-02 1.83458305e+00 4.41298845e-01
 -1.93606321e-02 1.83451417e+00 4.41342001e-01
 -1.61333589e-02 1.83444763e+00 4.41382096e-01
 -1.29064374e-02 1.83439260e+00 4.41407068e-01
 -9.67962043e-03 1.83433551e+00 4.41434750e-01
 -6.45297272e-03 1.83428311e+00 4.41456264e-01
 -3.22644422e-03 1.83423427e+00 4.41473118e-01
 0.00000000e+00 1.83418782e+00 4.41486826e-01
 3.22637978e-03 1.83414263e+00 4.41498896e-01
 6.45269984e-03 1.83409753e+00 4.41510839e-01
 9.67894982e-03 1.83405137e+00 4.41524165e-01
 1.29049835e-02 1.83399383e+00 4.41552456e-01
 1.61309876e-02 1.83394310e+00 4.41571800e-01
 1.93568524e-02 1.83389022e+00 4.41593979e-01
 2.25825635e-02 1.83383547e+00 4.41618608e-01
 2.58081101e-02 1.83377915e+00 4.41645304e-01
 2.90334853e-02 1.83372155e+00 4.41673683e-01
 3.22586862e-02 1.83366296e+00 4.41703361e-01
 3.54838650e-02 1.83360788e+00 4.41728442e-01
 3.87087375e-02 1.83354820e+00 4.41759559e-01
 4.19334504e-02 1.83348844e+00 4.41790796e-01
 4.51580170e-02 1.83342889e+00 4.41821749e-01
 4.83824548e-02 1.83336987e+00 4.41852013e-01
 5.16067850e-02 1.83331168e+00 4.41881182e-01
 5.48310331e-02 1.83325464e+00 4.41908851e-01
 5.80552286e-02 1.83319905e+00 4.41934617e-01
 6.12794151e-02 1.83314538e+00 4.41957858e-01
 6.45035599e-02 1.83309284e+00 4.41979609e-01
 6.77276592e-02 1.83304123e+00 4.42000156e-01
 7.09516880e-02 1.83299006e+00 4.42020116e-01
 7.41756154e-02 1.83293887e+00 4.42040105e-01
 7.73994041e-02 1.83288719e+00 4.42060739e-01
 8.06230109e-02 1.83283456e+00 4.42082633e-01
 8.38462600e-02 1.83277902e+00 4.42108346e-01
 8.70693843e-02 1.83272353e+00 4.42134003e-01
 9.02922802e-02 1.83266695e+00 4.42161091e-01
 9.35149735e-02 1.83260967e+00 4.42189105e-01
 9.67374949e-02 1.83255207e+00 4.42217542e-01
 9.99598803e-02 1.83249453e+00 4.42245900e-01
 1.03182171e-01 1.83243743e+00 4.42273675e-01
 1.06404519e-01 1.83238216e+00 4.42299065e-01
 1.09626747e-01 1.83232694e+00 4.42324372e-01
 1.12848946e-01 1.83227258e+00 4.42348562e-01
 1.16071093e-01 1.83221879e+00 4.42372000e-01
 1.19293158e-01 1.83216530e+00 4.42395049e-01
 1.22515110e-01 1.83211183e+00 4.42418072e-01
 1.25736914e-01 1.83205811e+00 4.42441432e-01
 1.28958531e-01 1.83200385e+00 4.42465494e-01
 1.32179863e-01 1.83194837e+00 4.42491173e-01
 1.35401032e-01 1.83189265e+00 4.42517172e-01
 1.38622005e-01 1.83183646e+00 4.42543782e-01
 1.41842813e-01 1.83178005e+00 4.42570691e-01
 1.45063487e-01 1.83172365e+00 4.42597588e-01
 1.48284064e-01 1.83166749e+00 4.42624163e-01
 1.51504583e-01 1.83161182e+00 4.42650103e-01
 1.54724834e-01 1.83155528e+00 4.42677195e-01
 1.57945336e-01 1.83150114e+00 4.42701127e-01
 1.61165836e-01 1.83144772e+00 4.42724118e-01
 1.64386323e-01 1.83139490e+00 4.42746310e-01
 1.67606785e-01 1.83134259e+00 4.42767848e-01
 1.70827206e-01 1.83129066e+00 4.42788876e-01
 1.74047572e-01 1.83123902e+00 4.42809536e-01
 1.77267762e-01 1.83118698e+00 4.42830721e-01
 1.80487951e-01 1.83113551e+00 4.42851156e-01
 1.83707962e-01 1.83108363e+00 4.42872130e-01
 1.86927700e-01 1.83103088e+00 4.42894257e-01
 1.90147066e-01 1.83097678e+00 4.42918156e-01
 1.93365955e-01 1.83092087e+00 4.42944442e-01
 1.96584254e-01 1.83086268e+00 4.42973733e-01
 1.99801845e-01 1.83080174e+00 4.43006645e-01
 2.03021952e-01 1.83075373e+00 4.43022542e-01
 2.06237974e-01 1.83068671e+00 4.43063471e-01
 2.09453324e-01 1.83061750e+00 4.43107277e-01
 2.12668141e-01 1.83054686e+00 4.43152982e-01
 2.15882576e-01 1.83047552e+00 4.43199605e-01
 2.19096789e-01 1.83040423e+00 4.43246168e-01
 2.22310947e-01 1.83033373e+00 4.43291693e-01
 2.25523194e-01 1.83025593e+00 4.43346839e-01
 2.28737915e-01 1.83018989e+00 4.43386499e-01
 2.31953748e-01 1.83012938e+00 4.43418876e-01
 2.35171409e-01 1.83007716e+00 4.43440345e-01
 2.38391652e-01 1.83003597e+00 4.43447283e-01
 2.41615265e-01 1.83000858e+00 4.43436062e-01
 2.44843072e-01 1.82999772e+00 4.43403058e-01
 2.48075937e-01 1.83000615e+00 4.43344643e-01
 2.51292400e-01 1.82994959e+00 4.43371831e-01
 2.54536299e-01 1.82999901e+00 4.43259420e-01
 2.57785091e-01 1.83006487e+00 4.43125352e-01
 2.61038093e-01 1.83014399e+00 4.42973807e-01
 2.64294578e-01 1.83023319e+00 4.42808964e-01
 2.67553779e-01 1.83032931e+00 4.42635006e-01
 2.70814885e-01 1.83042916e+00 4.42456117e-01
 2.74170958e-01 1.83086501e+00 4.41834533e-01
 2.77435440e-01 1.83096653e+00 4.41653411e-01
 2.80702095e-01 1.83107245e+00 4.41466463e-01
 2.83972019e-01 1.83118643e+00 4.41268901e-01
 2.87246360e-01 1.83131208e+00 4.41055931e-01
 2.90526311e-01 1.83145306e+00 4.40822758e-01
 2.93813117e-01 1.83161300e+00 4.40564580e-01
 2.96730400e-01 1.83054953e+00 4.41918635e-01
 3.00030632e-01 1.83075803e+00 4.41596476e-01
 3.03341779e-01 1.83099656e+00 4.41234728e-01
 3.06665326e-01 1.83126891e+00 4.40828383e-01
 3.10002812e-01 1.83157888e+00 4.40372424e-01
 3.13355831e-01 1.83193029e+00 4.39861814e-01
 3.16726030e-01 1.83232697e+00 4.39291501e-01
 3.20115113e-01 1.83277276e+00 4.38656412e-01
 3.23489026e-01 1.83316285e+00 4.38094705e-01
 3.26915110e-01 1.83370121e+00 4.37337502e-01
 3.30353108e-01 1.83426372e+00 4.36548422e-01
 3.33797461e-01 1.83483328e+00 4.35749986e-01
 3.37242367e-01 1.83539276e+00 4.34964781e-01
 3.40681778e-01 1.83592498e+00 4.34215462e-01
 3.44109406e-01 1.83641271e+00 4.33524746e-01
 3.47808102e-01 1.83765916e+00 4.31833606e-01
 3.51196892e-01 1.83801128e+00 4.31321580e-01
 3.54559210e-01 1.83828257e+00 4.30916092e-01
 3.57892101e-01 1.83846710e+00 4.30624985e-01
 3.61192538e-01 1.83855896e+00 4.30456074e-01
 3.64457428e-01 1.83855224e+00 4.30417137e-01
 3.67683611e-01 1.83844111e+00 4.30515902e-01
 3.70867867e-01 1.83821975e+00 4.30760045e-01
