 -2.07103484e-01 1.68415437e+00 4.17108055e-01
 -2.03426348e-01 1.68250196e+00 4.19622753e-01
 -1.99843712e-01 1.68119316e+00 4.21600238e-01
 -1.96344662e-01 1.68019857e+00 4.23086397e-01
 -1.92918890e-01 1.67948944e+00 4.24126130e-01
 -1.89556653e-01 1.67903753e+00 4.24763548e-01
 -1.86248733e-01 1.67881500e+00 4.25042153e-01
 -1.82986414e-01 1.67879431e+00 4.25004997e-01
 -1.79963226e-01 1.67988595e+00 4.23227347e-01
 -1.76761986e-01 1.68017669e+00 4.22702760e-01
 -1.73578512e-01 1.68056572e+00 4.22024303e-01
 -1.70403613e-01 1.68101354e+00 4.21253785e-01
 -1.67228700e-01 1.68148055e+00 4.20453157e-01
 -1.64045783e-01 1.68192706e+00 4.19684543e-01
 -1.60847469e-01 1.68231325e+00 4.19010246e-01
 -1.57562186e-01 1.68225435e+00 4.19032587e-01
 -1.54320540e-01 1.68243208e+00 4.18684509e-01
 -1.51059246e-01 1.68251032e+00 4.18492145e-01
 -1.47781403e-01 1.68250005e+00 4.18438337e-01
 -1.44489943e-01 1.68241227e+00 4.18505868e-01
 -1.41187633e-01 1.68225802e+00 4.18677478e-01
 -1.37877067e-01 1.68204834e+00 4.18935885e-01
 -1.34581376e-01 1.68192332e+00 4.19061773e-01
 -1.31261091e-01 1.68163722e+00 4.19439895e-01
 -1.27939948e-01 1.68133314e+00 4.19846212e-01
 -1.24620263e-01 1.68102524e+00 4.20258563e-01
 -1.21304129e-01 1.68072765e+00 4.20654820e-01
 -1.17993412e-01 1.68045446e+00 4.21012892e-01
 -1.14689758e-01 1.68021976e+00 4.21310717e-01
 -1.11365312e-01 1.67981773e+00 4.21870664e-01
 -1.08079948e-01 1.67969649e+00 4.21990831e-01
 -1.04802106e-01 1.67963049e+00 4.22024481e-01
 -1.01530202e-01 1.67961202e+00 4.21983679e-01
 -9.82627749e-02 1.67963337e+00 4.21880475e-01
 -9.49984827e-02 1.67968686e+00 4.21726909e-01
 -9.17361052e-02 1.67976480e+00 4.21535019e-01
 -8.84745424e-02 1.67985950e+00 4.21316846e-01
 -8.52182672e-02 1.68001682e+00 4.21000544e-01
 -8.19554460e-02 1.68012342e+00 4.20763672e-01
 -7.86910890e-02 1.68022628e+00 4.20532658e-01
 -7.54246641e-02 1.68031899e+00 4.20317519e-01
 -7.21557391e-02 1.68039516e+00 4.20128278e-01
 -6.88839818e-02 1.68044840e+00 4.19974965e-01
 -6.56091599e-02 1.68047231e+00 4.19867610e-01
 -6.23238843e-02 1.68036303e+00 4.19969033e-01
 -5.90437563e-02 1.68031954e+00 4.19967334e-01
 -5.57618658e-02 1.68024972e+00 4.20006908e-01
 -5.24789158e-02 1.68015986e+00 4.20077913e-01
 -4.91955112e-02 1.68005624e+00 4.20170509e-01
 -4.59121583e-02 1.67994512e+00 4.20274856e-01
 -4.26292649e-02 1.67983279e+00 4.20381119e-01
 -3.93492474e-02 1.67977031e+00 4.20409228e-01
 -3.60677568e-02 1.67967042e+00 4.20496013e-01
 -3.27869820e-02 1.67957771e+00 4.20571528e-01
 -2.95068215e-02 1.67949173e+00 4.20636518e-01
 -2.62271816e-02 1.67941198e+00 4.20691727e-01
 -2.29479759e-02 1.67933800e+00 4.20737901e-01
 -1.96691253e-02 1.67926931e+00 4.20775784e-01
 -1.63908237e-02 1.67921896e+00 4.20784909e-01
 -1.31124210e-02 1.67915925e+00 4.20808713e-01
 -9.83417568e-03 1.67910281e+00 4.20827384e-01
 -6.55604223e-03 1.67904873e+00 4.20842361e-01
 -3.27798931e-03 1.67899609e+00 4.20855084e-01
 0.00000000e+00 1.67894397e+00 4.20866990e-01
 3.27792822e-03 1.67889146e+00 4.20879519e-01
 6.55565686e-03 1.67882149e+00 4.20919436e-01
 9.83335241e-03 1.67876568e+00 4.20937154e-01
 1.31109276e-02 1.67870784e+00 4.20958050e-01
 1.63883601e-02 1.67864805e+00 4.20982001e-01
 1.96656289e-02 1.67858641e+00 4.21008883e-01
 2.29427142e-02 1.67852297e+00 4.21038569e-01
 2.62195974e-02 1.67845784e+00 4.21070936e-01
 2.94962614e-02 1.67839107e+00 4.21105859e-01
 3.27727102e-02 1.67832328e+00 4.21142401e-01
 3.60489092e-02 1.67825394e+00 4.21181383e-01
 3.93248852e-02 1.67818401e+00 4.21221301e-01
 4.26006563e-02 1.67811397e+00 4.21261382e-01
 4.58762485e-02 1.67804433e+00 4.21300852e-01
 4.91516952e-02 1.67797557e+00 4.21338936e-01
 5.24270379e-02 1.67790819e+00 4.21374861e-01
 5.57025374e-02 1.67784586e+00 4.21402868e-01
 5.89777856e-02 1.67778196e+00 4.21433349e-01
 6.22529686e-02 1.67771922e+00 4.21461995e-01
 6.55280614e-02 1.67765717e+00 4.21489579e-01
 6.88030314e-02 1.67759530e+00 4.21516876e-01
 7.20778381e-02 1.67753312e+00 4.21544660e-01
 7.53524334e-02 1.67747014e+00 4.21573704e-01
 7.86268845e-02 1.67740718e+00 4.21602732e-01
 8.19009331e-02 1.67734159e+00 4.21635878e-01
 8.51747164e-02 1.67727504e+00 4.21670556e-01
 8.84482629e-02 1.67720789e+00 4.21706172e-01
 9.17216071e-02 1.67714053e+00 4.21742134e-01
 9.49947894e-02 1.67707332e+00 4.21777850e-01
 9.82678560e-02 1.67700665e+00 4.21812727e-01
 1.01541052e-01 1.67694248e+00 4.21843681e-01
 1.04814028e-01 1.67687779e+00 4.21875460e-01
 1.08086954e-01 1.67681394e+00 4.21905916e-01
 1.11359805e-01 1.67675068e+00 4.21935460e-01
 1.14632552e-01 1.67668774e+00 4.21964501e-01
 1.17905162e-01 1.67662486e+00 4.21993447e-01
 1.21177599e-01 1.67656179e+00 4.22022708e-01
 1.24449526e-01 1.67649628e+00 4.22055800e-01
 1.27721494e-01 1.67643212e+00 4.22086769e-01
 1.30993229e-01 1.67636747e+00 4.22118520e-01
 1.34264755e-01 1.67630251e+00 4.22150760e-01
 1.37536099e-01 1.67623743e+00 4.22183199e-01
 1.40807291e-01 1.67617241e+00 4.22215543e-01
 1.44078364e-01 1.67610764e+00 4.22247501e-01
 1.47349353e-01 1.67604330e+00 4.22278781e-01
 1.50619750e-01 1.67597656e+00 4.22313851e-01
 1.53890625e-01 1.67591336e+00 4.22343359e-01
 1.57161434e-01 1.67585058e+00 4.22372190e-01
 1.60432161e-01 1.67578814e+00 4.22400517e-01
 1.63702786e-01 1.67572590e+00 4.22428516e-01
 1.66973292e-01 1.67566376e+00 4.22456362e-01
 1.70243655e-01 1.67560162e+00 4.22484229e-01
 1.73513531e-01 1.67553780e+00 4.22514725e-01
 1.76783521e-01 1.67547524e+00 4.22543245e-01
 1.80053266e-01 1.67541222e+00 4.22572510e-01
 1.83322719e-01 1.67534853e+00 4.22602812e-01
 1.86591832e-01 1.67528401e+00 4.22634446e-01
 1.89860550e-01 1.67521845e+00 4.22667704e-01
 1.93128819e-01 1.67515168e+00 4.22702881e-01
 1.96398914e-01 1.67509338e+00 4.22724716e-01
 1.99666208e-01 1.67502388e+00 4.22764199e-01
 2.02933056e-01 1.67495337e+00 4.22805283e-01
 2.06199530e-01 1.67488217e+00 4.22847439e-01
 2.09465707e-01 1.67481063e+00 4.22890142e-01
 2.12731666e-01 1.67473909e+00 4.22932861e-01
 2.15997496e-01 1.67466787e+00 4.22975071e-01
 2.19265185e-01 1.67460450e+00 4.23004927e-01
 2.22531063e-01 1.67453493e+00 4.23044554e-01
 2.25797093e-01 1.67446665e+00 4.23082155e-01
 2.29063372e-01 1.67439996e+00 4.23117256e-01
 2.32330003e-01 1.67433517e+00 4.23149380e-01
 2.35597095e-01 1.67427257e+00 4.23178055e-01
 2.38864760e-01 1.67421246e+00 4.23202805e-01
 2.42127090e-01 1.67413447e+00 4.23255729e-01
 2.45396129e-01 1.67408009e+00 4.23271455e-01
 2.48665843e-01 1.67402824e+00 4.23283214e-01
 2.51936098e-01 1.67397837e+00 4.23291855e-01
 2.55206753e-01 1.67392994e+00 4.23298231e-01
 2.58477655e-01 1.67388241e+00 4.23303190e-01
 2.61748645e-01 1.67383524e+00 4.23307583e-01
 2.65019556e-01 1.67378789e+00 4.23312261e-01
 2.68285926e-01 1.67372655e+00 4.23338973e-01
 2.71555801e-01 1.67367635e+00 4.23348152e-01
 2.74824462e-01 1.67362261e+00 4.23362895e-01
 2.78091369e-01 1.67356387e+00 4.23385540e-01
 2.81355963e-01 1.67349863e+00 4.23418423e-01
 2.84617656e-01 1.67342541e+00 4.23463882e-01
 2.87875842e-01 1.67334274e+00 4.23524253e-01
 2.91154317e-01 1.67331878e+00 4.23492082e-01
 2.94404742e-01 1.67321528e+00 4.23585286e-01
 2.97651911e-01 1.67310401e+00 4.23690759e-01
 3.00896559e-01 1.67298725e+00 4.23804898e-01
 3.04139459e-01 1.67286728e+00 4.23924103e-01
 3.07381418e-01 1.67274639e+00 4.24044775e-01
 3.10623279e-01 1.67262686e+00 4.24163319e-01
 3.13878592e-01 1.67254445e+00 4.24223340e-01
 3.17124020e-01 1.67243698e+00 4.24322888e-01
 3.20375095e-01 1.67234542e+00 4.24397360e-01
 3.23635017e-01 1.67227749e+00 4.24434578e-01
 3.26907110e-01 1.67224090e+00 4.24422366e-01
 3.30194822e-01 1.67224338e+00 4.24348540e-01
 3.33501725e-01 1.67229266e+00 4.24200905e-01
 3.36753564e-01 1.67220454e+00 4.24269976e-01
 3.40108772e-01 1.67236931e+00 4.23940144e-01
 3.43492461e-01 1.67259885e+00 4.23508097e-01
 3.46906840e-01 1.67289662e+00 4.22968392e-01
 3.50354183e-01 1.67326607e+00 4.22315543e-01
 3.53836834e-01 1.67371070e+00 4.21544015e-01
 3.57357205e-01 1.67423404e+00 4.20648219e-01
 3.60917783e-01 1.67483966e+00 4.19622505e-01
