 -2.22323116e-01 1.33010186e+00 3.63908556e-01
 -2.18935248e-01 1.33010409e+00 3.63705507e-01
 -2.15532536e-01 1.33007389e+00 3.63590264e-01
 -2.12118294e-01 1.33001762e+00 3.63545683e-01
 -2.08695671e-01 1.32994160e+00 3.63554604e-01
 -2.05267643e-01 1.32985219e+00 3.63599857e-01
 -2.01837014e-01 1.32975571e+00 3.63664275e-01
 -1.98406417e-01 1.32965851e+00 3.63730693e-01
 -1.95032299e-01 1.32970660e+00 3.63403094e-01
 -1.91607543e-01 1.32962562e+00 3.63425499e-01
 -1.88187456e-01 1.32955686e+00 3.63414761e-01
 -1.84772147e-01 1.32950129e+00 3.63368240e-01
 -1.81361695e-01 1.32945988e+00 3.63283295e-01
 -1.77956159e-01 1.32943360e+00 3.63157279e-01
 -1.74555567e-01 1.32942342e+00 3.62987541e-01
 -1.71159923e-01 1.32943030e+00 3.62771422e-01
 -1.67715077e-01 1.32929248e+00 3.62948140e-01
 -1.64329597e-01 1.32933415e+00 3.62637498e-01
 -1.60946167e-01 1.32938709e+00 3.62296198e-01
 -1.57562679e-01 1.32944527e+00 3.61940556e-01
 -1.54177190e-01 1.32950269e+00 3.61586900e-01
 -1.50787915e-01 1.32955333e+00 3.61251581e-01
 -1.47393233e-01 1.32959117e+00 3.60950963e-01
 -1.43991685e-01 1.32961018e+00 3.60701428e-01
 -1.40541256e-01 1.32945819e+00 3.60916606e-01
 -1.37124383e-01 1.32942571e+00 3.60806978e-01
 -1.33700809e-01 1.32937001e+00 3.60760463e-01
 -1.30272014e-01 1.32929500e+00 3.60766452e-01
 -1.26839374e-01 1.32920459e+00 3.60814328e-01
 -1.23404160e-01 1.32910269e+00 3.60893471e-01
 -1.19967535e-01 1.32899321e+00 3.60993262e-01
 -1.16530556e-01 1.32888005e+00 3.61103087e-01
 -1.13091857e-01 1.32875680e+00 3.61240416e-01
 -1.09656480e-01 1.32864567e+00 3.61344804e-01
 -1.06221956e-01 1.32853612e+00 3.61444930e-01
 -1.02788170e-01 1.32842776e+00 3.61541872e-01
 -9.93550221e-02 1.32832017e+00 3.61636710e-01
 -9.59224201e-02 1.32821298e+00 3.61730520e-01
 -9.24902839e-02 1.32810578e+00 3.61824380e-01
 -8.90585438e-02 1.32799818e+00 3.61919365e-01
 -8.56318515e-02 1.32791745e+00 3.61941184e-01
 -8.22007169e-02 1.32780888e+00 3.62038859e-01
 -7.87702079e-02 1.32770120e+00 3.62134148e-01
 -7.53404755e-02 1.32759554e+00 3.62223980e-01
 -7.19116399e-02 1.32749301e+00 3.62305286e-01
 -6.84837904e-02 1.32739475e+00 3.62374999e-01
 -6.50569859e-02 1.32730187e+00 3.62430052e-01
 -6.16312544e-02 1.32721551e+00 3.62467377e-01
 -5.82049033e-02 1.32712219e+00 3.62523671e-01
 -5.47810560e-02 1.32704926e+00 3.62524408e-01
 -5.13575790e-02 1.32697991e+00 3.62515367e-01
 -4.79341635e-02 1.32691167e+00 3.62503279e-01
 -4.45105678e-02 1.32684209e+00 3.62494874e-01
 -4.10866178e-02 1.32676870e+00 3.62496881e-01
 -3.76622064e-02 1.32668903e+00 3.62516030e-01
 -3.42372940e-02 1.32660062e+00 3.62559047e-01
 -3.08120777e-02 1.32650376e+00 3.62625133e-01
 -2.73865852e-02 1.32639581e+00 3.62721547e-01
 -2.39612865e-02 1.32628183e+00 3.62834438e-01
 -2.05364246e-02 1.32616476e+00 3.62955834e-01
 -1.71121630e-02 1.32604750e+00 3.63077766e-01
 -1.36885854e-02 1.32593298e+00 3.63192270e-01
 -1.02656957e-02 1.32582410e+00 3.63291387e-01
 -6.84339474e-03 1.32572205e+00 3.63371860e-01
 -3.42158025e-03 1.32563233e+00 3.63418707e-01
 0.00000000e+00 1.32555176e+00 3.63440531e-01
 3.42151800e-03 1.32547805e+00 3.63443607e-01
 6.84308300e-03 1.32540892e+00 3.63434207e-01
 1.02647416e-02 1.32534205e+00 3.63418601e-01
 1.36864775e-02 1.32527516e+00 3.63403059e-01
 1.71082120e-02 1.32520595e+00 3.63393851e-01
 2.05291826e-02 1.32511701e+00 3.63438635e-01
 2.39503507e-02 1.32503688e+00 3.63459337e-01
 2.73710608e-02 1.32495027e+00 3.63497769e-01
 3.07911869e-02 1.32485731e+00 3.63553612e-01
 3.42106065e-02 1.32475811e+00 3.63626547e-01
 3.76292002e-02 1.32465280e+00 3.63716255e-01
 4.10468518e-02 1.32454149e+00 3.63822414e-01
 4.44634484e-02 1.32442430e+00 3.63944704e-01
 4.78837912e-02 1.32435258e+00 3.63942488e-01
 5.12983825e-02 1.32422477e+00 3.64093940e-01
 5.47119440e-02 1.32409449e+00 3.64252207e-01
 5.81247220e-02 1.32396429e+00 3.64410289e-01
 6.15370327e-02 1.32383673e+00 3.64561192e-01
 6.49492618e-02 1.32371436e+00 3.64697927e-01
 6.83618650e-02 1.32359972e+00 3.64813507e-01
 7.17753675e-02 1.32349536e+00 3.64900950e-01
 7.51865218e-02 1.32337834e+00 3.65023138e-01
 7.86032199e-02 1.32330037e+00 3.65038288e-01
 8.20218299e-02 1.32323449e+00 3.65020309e-01
 8.54423118e-02 1.32317899e+00 3.64973818e-01
 8.88645797e-02 1.32313221e+00 3.64903428e-01
 9.22885012e-02 1.32309245e+00 3.64813752e-01
 9.57138983e-02 1.32305803e+00 3.64709404e-01
 9.91405465e-02 1.32302728e+00 3.64594994e-01
 1.02547857e-01 1.32289979e+00 3.64746050e-01
 1.05975225e-01 1.32287015e+00 3.64628545e-01
 1.09402177e-01 1.32283593e+00 3.64523596e-01
 1.12827754e-01 1.32279332e+00 3.64441669e-01
 1.16250894e-01 1.32273851e+00 3.64393233e-01
 1.19670430e-01 1.32266769e+00 3.64388751e-01
 1.23085091e-01 1.32257707e+00 3.64438683e-01
 1.26493503e-01 1.32246284e+00 3.64553478e-01
 1.29925910e-01 1.32244275e+00 3.64409652e-01
 1.33319833e-01 1.32227634e+00 3.64667907e-01
 1.36707097e-01 1.32209043e+00 3.64979834e-01
 1.40088912e-01 1.32189075e+00 3.65329716e-01
 1.43466640e-01 1.32168301e+00 3.65701852e-01
 1.46841801e-01 1.32147292e+00 3.66080562e-01
 1.50216068e-01 1.32126618e+00 3.66450187e-01
 1.53591268e-01 1.32106846e+00 3.66795093e-01
 1.57007531e-01 1.32100603e+00 3.66767932e-01
 1.60391909e-01 1.32084455e+00 3.67013286e-01
 1.63784509e-01 1.32071172e+00 3.67179899e-01
 1.67188336e-01 1.32061467e+00 3.67248063e-01
 1.70606594e-01 1.32056057e+00 3.67198057e-01
 1.74042687e-01 1.32055657e+00 3.67010125e-01
 1.77500226e-01 1.32060985e+00 3.66664452e-01
 1.80983031e-01 1.32072761e+00 3.66141140e-01
 1.84412861e-01 1.32069579e+00 3.66029618e-01
 1.87948871e-01 1.32094285e+00 3.65149928e-01
 1.91506994e-01 1.32123576e+00 3.64143710e-01
 1.95082576e-01 1.32156023e+00 3.63050275e-01
 1.98670554e-01 1.32190193e+00 3.61909053e-01
 2.02265450e-01 1.32224650e+00 3.60759619e-01
 2.05861365e-01 1.32257952e+00 3.59641706e-01
 2.09221152e-01 1.32233744e+00 3.60108825e-01
 2.12795877e-01 1.32260385e+00 3.59174185e-01
 2.16352137e-01 1.32281689e+00 3.58386446e-01
 2.19883124e-01 1.32296364e+00 3.57781283e-01
 2.23381672e-01 1.32303121e+00 3.57394365e-01
 2.26840270e-01 1.32300673e+00 3.57261290e-01
 2.30251077e-01 1.32287737e+00 3.57417511e-01
 2.33605934e-01 1.32263042e+00 3.57898252e-01
 2.37419687e-01 1.32335255e+00 3.55704795e-01
 2.40648619e-01 1.32284097e+00 3.56915839e-01
 2.43817546e-01 1.32221942e+00 3.58430830e-01
 2.46938043e-01 1.32151581e+00 3.60172788e-01
 2.50022402e-01 1.32075794e+00 3.62065044e-01
 2.53083597e-01 1.31997345e+00 3.64031362e-01
 2.56135273e-01 1.31918977e+00 3.65996017e-01
 2.59191728e-01 1.31843410e+00 3.67883817e-01
 2.62505397e-01 1.31818002e+00 3.68386409e-01
 2.65621461e-01 1.31756391e+00 3.69889471e-01
 2.68796333e-01 1.31706947e+00 3.71056715e-01
 2.72053018e-01 1.31673371e+00 3.71785719e-01
 2.75415574e-01 1.31659367e+00 3.71973898e-01
 2.78909215e-01 1.31668659e+00 3.71518051e-01
 2.82560425e-01 1.31705013e+00 3.70313818e-01
 2.86397115e-01 1.31772257e+00 3.68255020e-01
 2.89026170e-01 1.31632258e+00 3.71927654e-01
 2.93261384e-01 1.31765445e+00 3.68044369e-01
 2.97638884e-01 1.31919012e+00 3.63596171e-01
 3.02088065e-01 1.32080656e+00 3.58923238e-01
 3.06533738e-01 1.32237889e+00 3.54371086e-01
 3.10896014e-01 1.32378029e+00 3.50290745e-01
 3.15090444e-01 1.32488237e+00 3.47037868e-01
 3.19028425e-01 1.32555584e+00 3.44970699e-01
 3.23479649e-01 1.32701029e+00 3.40740488e-01
 3.26675045e-01 1.32650212e+00 3.41944233e-01
 3.29444153e-01 1.32535518e+00 3.44917533e-01
 3.31769316e-01 1.32356314e+00 3.49678657e-01
 3.33634845e-01 1.32112288e+00 3.56237014e-01
 3.35027184e-01 1.31803455e+00 3.64592914e-01
 3.35935057e-01 1.31430164e+00 3.74737444e-01
 3.36349586e-01 1.30993097e+00 3.86652463e-01
 3.39850168e-01 1.31005566e+00 3.86109548e-01
 3.39526234e-01 1.30476670e+00 4.00575380e-01
 3.39360767e-01 1.29980244e+00 4.14144915e-01
 3.39758746e-01 1.29571510e+00 4.25286399e-01
 3.41126694e-01 1.29303765e+00 4.32520543e-01
 3.43883781e-01 1.29229986e+00 4.34376161e-01
 3.48478944e-01 1.29405149e+00 4.29325784e-01
 3.55415252e-01 1.29889384e+00 4.15698023e-01
 3.56112778e-01 1.29539480e+00 4.25214927e-01
 3.69164835e-01 1.30814544e+00 3.89633225e-01
 3.86468349e-01 1.32618066e+00 3.39372071e-01
 4.09067847e-01 1.35070030e+00 2.71094211e-01
 4.38403006e-01 1.38336475e+00 1.80181759e-01
 4.76524481e-01 1.42654704e+00 6.00350836e-02
 5.26463667e-01 1.48376447e+00 -9.91271637e-02
 5.92903344e-01 1.56046087e+00 -3.12443483e-01
 7.20550016e-01 1.71114259e+00 -7.31368051e-01
 8.58497629e-01 1.87179359e+00 -1.17811065e+00
 1.06427985e+00 2.11174697e+00 -1.84536045e+00
 1.39731701e+00 2.50024880e+00 -2.92567256e+00
 2.01658038e+00 3.22260461e+00 -4.93433063e+00
 3.53850176e+00 4.99742659e+00 -9.86959431e+00
 1.28930957e+01 1.59036503e+01 -4.01967157e+01
 -8.47555765e+00 -9.00689943e+00 2.90725594e+01
