 -2.34640651e-01 1.12534247e+00 3.51811683e-01
 -2.31474596e-01 1.12566755e+00 3.50112920e-01
 -2.28270789e-01 1.12595267e+00 3.48591480e-01
 -2.25030523e-01 1.12619781e+00 3.47247592e-01
 -2.21755105e-01 1.12640296e+00 3.46081401e-01
 -2.18445860e-01 1.12656811e+00 3.45092968e-01
 -2.15104123e-01 1.12669330e+00 3.44282273e-01
 -2.11731244e-01 1.12677857e+00 3.43649209e-01
 -2.08312905e-01 1.12680054e+00 3.43298108e-01
 -2.04883942e-01 1.12680899e+00 3.43007135e-01
 -2.01433473e-01 1.12678641e+00 3.42854445e-01
 -1.97966469e-01 1.12673901e+00 3.42812426e-01
 -1.94487634e-01 1.12667299e+00 3.42853425e-01
 -1.91001393e-01 1.12659457e+00 3.42949771e-01
 -1.87511896e-01 1.12650996e+00 3.43073797e-01
 -1.84023018e-01 1.12642535e+00 3.43197844e-01
 -1.80539699e-01 1.12634927e+00 3.43283890e-01
 -1.77058541e-01 1.12627624e+00 3.43356372e-01
 -1.73580394e-01 1.12620796e+00 3.43407655e-01
 -1.70104365e-01 1.12614308e+00 3.43443749e-01
 -1.66629617e-01 1.12608027e+00 3.43470666e-01
 -1.63155376e-01 1.12601816e+00 3.43494413e-01
 -1.59680928e-01 1.12595543e+00 3.43520997e-01
 -1.56207785e-01 1.12589503e+00 3.43537161e-01
 -1.52731248e-01 1.12582757e+00 3.43584917e-01
 -1.49253757e-01 1.12575763e+00 3.43643766e-01
 -1.45775585e-01 1.12568562e+00 3.43711903e-01
 -1.42296987e-01 1.12561194e+00 3.43787524e-01
 -1.38818198e-01 1.12553700e+00 3.43868827e-01
 -1.35339438e-01 1.12546120e+00 3.43954009e-01
 -1.31860906e-01 1.12538495e+00 3.44041268e-01
 -1.28383730e-01 1.12531092e+00 3.44118597e-01
 -1.24906971e-01 1.12523698e+00 3.44195577e-01
 -1.21432711e-01 1.12516844e+00 3.44248394e-01
 -1.17961985e-01 1.12510850e+00 3.44262747e-01
 -1.14495684e-01 1.12506034e+00 3.44224338e-01
 -1.11034556e-01 1.12502715e+00 3.44118857e-01
 -1.07579209e-01 1.12501213e+00 3.43931986e-01
 -1.04125451e-01 1.12500460e+00 3.43711460e-01
 -1.00682767e-01 1.12503453e+00 3.43322983e-01
 -9.72453444e-02 1.12508739e+00 3.42831602e-01
 -9.38120381e-02 1.12516194e+00 3.42242836e-01
 -9.03817602e-02 1.12525693e+00 3.41562190e-01
 -8.69534781e-02 1.12537114e+00 3.40795158e-01
 -8.35262146e-02 1.12550332e+00 3.39947230e-01
 -8.00990476e-02 1.12565224e+00 3.39023893e-01
 -7.66316122e-02 1.12565664e+00 3.38748768e-01
 -7.32031581e-02 1.12583229e+00 3.37704938e-01
 -6.97705963e-02 1.12601282e+00 3.36638881e-01
 -6.63323321e-02 1.12619153e+00 3.35580658e-01
 -6.28870667e-02 1.12636169e+00 3.34560436e-01
 -5.94337989e-02 1.12651657e+00 3.33608481e-01
 -5.59718263e-02 1.12664942e+00 3.32755149e-01
 -5.25007481e-02 1.12675348e+00 3.32030858e-01
 -4.90217986e-02 1.12683047e+00 3.31427990e-01
 -4.55337005e-02 1.12686541e+00 3.31013870e-01
 -4.20390821e-02 1.12686733e+00 3.30748070e-01
 -3.85392553e-02 1.12683784e+00 3.30623341e-01
 -3.50354608e-02 1.12677860e+00 3.30632374e-01
 -3.15288673e-02 1.12669126e+00 3.30767816e-01
 -2.80205707e-02 1.12657747e+00 3.31022273e-01
 -2.45121071e-02 1.12644542e+00 3.31358976e-01
 -2.10034645e-02 1.12628580e+00 3.31819840e-01
 -1.74963181e-02 1.12611185e+00 3.32345363e-01
 -1.39914669e-02 1.12593056e+00 3.32904114e-01
 -1.04893957e-02 1.12574891e+00 3.33464719e-01
 -6.99027471e-03 1.12557385e+00 3.33995866e-01
 -3.49396127e-03 1.12541230e+00 3.34466301e-01
 0.00000000e+00 1.12527120e+00 3.34844819e-01
 3.49167202e-03 1.12509492e+00 3.35381998e-01
 6.98254203e-03 1.12500230e+00 3.35542402e-01
 1.04730549e-02 1.12492285e+00 3.35643486e-01
 1.39632473e-02 1.12484751e+00 3.35726081e-01
 1.74527476e-02 1.12476723e+00 3.35830997e-01
 2.09407767e-02 1.12467296e+00 3.35999028e-01
 2.44261479e-02 1.12455568e+00 3.36270929e-01
 2.79320689e-02 1.12468128e+00 3.35447360e-01
 3.14106121e-02 1.12449653e+00 3.36023603e-01
 3.48835073e-02 1.12428732e+00 3.36710517e-01
 3.83515229e-02 1.12406651e+00 3.37449976e-01
 4.18160043e-02 1.12384696e+00 3.38183997e-01
 4.52788721e-02 1.12364149e+00 3.38854742e-01
 4.87426205e-02 1.12346287e+00 3.39404509e-01
 5.22103173e-02 1.12332383e+00 3.39775678e-01
 5.56387760e-02 1.12297794e+00 3.41081409e-01
 5.91205365e-02 1.12294374e+00 3.40979361e-01
 6.26121825e-02 1.12295565e+00 3.40668975e-01
 6.61137341e-02 1.12300644e+00 3.40182722e-01
 6.96248887e-02 1.12308893e+00 3.39553034e-01
 7.31450190e-02 1.12319593e+00 3.38812351e-01
 7.66731711e-02 1.12332023e+00 3.37993151e-01
 8.02080625e-02 1.12345463e+00 3.37127982e-01
 8.37731090e-02 1.12368414e+00 3.35832324e-01
 8.73180814e-02 1.12381965e+00 3.34961505e-01
 9.08652878e-02 1.12394788e+00 3.34123303e-01
 9.44129258e-02 1.12406374e+00 3.33340796e-01
 9.79589587e-02 1.12416212e+00 3.32637112e-01
 1.01501115e-01 1.12423793e+00 3.32035423e-01
 1.05036892e-01 1.12428605e+00 3.31558920e-01
 1.08527507e-01 1.12419867e+00 3.31695883e-01
 1.12042108e-01 1.12417939e+00 3.31524455e-01
 1.15545284e-01 1.12412724e+00 3.31501912e-01
 1.19036700e-01 1.12404426e+00 3.31619041e-01
 1.22516119e-01 1.12393252e+00 3.31866585e-01
 1.25983400e-01 1.12379408e+00 3.32235247e-01
 1.29438497e-01 1.12363102e+00 3.32715703e-01
 1.32881459e-01 1.12344539e+00 3.33298612e-01
 1.36354737e-01 1.12333497e+00 3.33540686e-01
 1.39776538e-01 1.12311375e+00 3.34285431e-01
 1.43190073e-01 1.12288283e+00 3.35074481e-01
 1.46597711e-01 1.12264787e+00 3.35882136e-01
 1.50002064e-01 1.12241452e+00 3.36682768e-01
 1.53405999e-01 1.12218841e+00 3.37450819e-01
 1.56812625e-01 1.12197516e+00 3.38160803e-01
 1.60195581e-01 1.12172343e+00 3.39045753e-01
 1.63616063e-01 1.12155037e+00 3.39573677e-01
 1.67045160e-01 1.12139801e+00 3.40007811e-01
 1.70482724e-01 1.12126480e+00 3.40355101e-01
 1.73928543e-01 1.12114920e+00 3.40622466e-01
 1.77382336e-01 1.12104970e+00 3.40816800e-01
 1.80843758e-01 1.12096476e+00 3.40944975e-01
 1.84312397e-01 1.12089288e+00 3.41013850e-01
 1.87801006e-01 1.12085410e+00 3.40932245e-01
 1.91281505e-01 1.12080169e+00 3.40912590e-01
 1.94764449e-01 1.12075297e+00 3.40876170e-01
 1.98247108e-01 1.12070353e+00 3.40843031e-01
 2.01726550e-01 1.12064895e+00 3.40833220e-01
 2.05199644e-01 1.12058485e+00 3.40866781e-01
 2.08663059e-01 1.12050683e+00 3.40963749e-01
 2.12139731e-01 1.12044860e+00 3.40970607e-01
 2.15574542e-01 1.12033112e+00 3.41247310e-01
 2.18994302e-01 1.12019461e+00 3.41610795e-01
 2.22400573e-01 1.12004212e+00 3.42047223e-01
 2.25795057e-01 1.11987669e+00 3.42542763e-01
 2.29179590e-01 1.11970136e+00 3.43083598e-01
 2.32556142e-01 1.11951917e+00 3.43655930e-01
 2.35926820e-01 1.11933313e+00 3.44245986e-01
 2.39138535e-01 1.11894878e+00 3.45740459e-01
 2.42501831e-01 1.11876385e+00 3.46326058e-01
 2.45865482e-01 1.11858302e+00 3.46893164e-01
 2.49231495e-01 1.11840857e+00 3.47431391e-01
 2.52601979e-01 1.11824276e+00 3.47930374e-01
 2.55979143e-01 1.11808786e+00 3.48379763e-01
 2.59365298e-01 1.11794612e+00 3.48769219e-01
 2.62762855e-01 1.11781981e+00 3.49088412e-01
 2.66229140e-01 1.11777353e+00 3.49042288e-01
 2.69653365e-01 1.11767976e+00 3.49213041e-01
 2.73088398e-01 1.11759894e+00 3.49324743e-01
 2.76532347e-01 1.11752849e+00 3.49389073e-01
 2.79983205e-01 1.11746586e+00 3.49417696e-01
 2.83438850e-01 1.11740851e+00 3.49422270e-01
 2.86897044e-01 1.11735386e+00 3.49414451e-01
 2.90354467e-01 1.11729837e+00 3.49410491e-01
 2.93811591e-01 1.11724255e+00 3.49408025e-01
 2.97267436e-01 1.11718543e+00 3.49411571e-01
 3.00722122e-01 1.11712715e+00 3.49420363e-01
 3.04175777e-01 1.11706790e+00 3.49433638e-01
 3.07628539e-01 1.11700784e+00 3.49450630e-01
 3.11080552e-01 1.11694714e+00 3.49470576e-01
 3.14531967e-01 1.11688596e+00 3.49492710e-01
 3.17954857e-01 1.11679780e+00 3.49638385e-01
 3.21406462e-01 1.11673731e+00 3.49657424e-01
 3.24860582e-01 1.11667924e+00 3.49665353e-01
 3.28318975e-01 1.11662515e+00 3.49655121e-01
 3.31783472e-01 1.11657656e+00 3.49619676e-01
 3.35255970e-01 1.11653501e+00 3.49551963e-01
 3.38738441e-01 1.11650203e+00 3.49444926e-01
 3.42212397e-01 1.11646107e+00 3.49374458e-01
 3.45720002e-01 1.11644916e+00 3.49170801e-01
 3.49240315e-01 1.11644733e+00 3.48920847e-01
 3.52772377e-01 1.11645446e+00 3.48629719e-01
 3.56315179e-01 1.11646943e+00 3.48302539e-01
 3.59867658e-01 1.11649111e+00 3.47944430e-01
 3.63428701e-01 1.11651840e+00 3.47560518e-01
 3.66997141e-01 1.11655015e+00 3.47155935e-01
 3.70537586e-01 1.11655743e+00 3.46863570e-01
 3.74117710e-01 1.11659552e+00 3.46429661e-01
 3.77703805e-01 1.11663662e+00 3.45981798e-01
 3.81296074e-01 1.11668080e+00 3.45519628e-01
 3.84894724e-01 1.11672813e+00 3.45042794e-01
 3.88499964e-01 1.11677870e+00 3.44550937e-01
 3.92112008e-01 1.11683258e+00 3.44043700e-01
 3.95731074e-01 1.11688985e+00 3.43520722e-01
