 -4.65794549e-01 -1.91329796e-01 3.57011548e-01
 -4.67479055e-01 -2.01659280e-01 3.41778526e-01
 -4.68927850e-01 -2.11667996e-01 3.27023541e-01
 -4.70142905e-01 -2.21352778e-01 3.12751472e-01
 -4.71126478e-01 -2.30710933e-01 2.98966465e-01
 -4.71881111e-01 -2.39740253e-01 2.85671924e-01
 -4.72409623e-01 -2.48439013e-01 2.72870504e-01
 -4.72715101e-01 -2.56805976e-01 2.60564112e-01
 -4.72800888e-01 -2.64840394e-01 2.48753903e-01
 -4.72670579e-01 -2.72542007e-01 2.37440282e-01
 -4.72328002e-01 -2.79911040e-01 2.26622912e-01
 -4.71777217e-01 -2.86948201e-01 2.16300714e-01
 -4.71022493e-01 -2.93654674e-01 2.06471882e-01
 -4.70068306e-01 -3.00032115e-01 1.97133892e-01
 -4.68919317e-01 -3.06082639e-01 1.88283510e-01
 -4.67580365e-01 -3.11808818e-01 1.79916816e-01
 -4.66056452e-01 -3.17213662e-01 1.72029212e-01
 -4.64352726e-01 -3.22300616e-01 1.64615445e-01
 -4.62474472e-01 -3.27073543e-01 1.57669625e-01
 -4.60427094e-01 -3.31536709e-01 1.51185248e-01
 -4.58216102e-01 -3.35694772e-01 1.45155216e-01
 -4.55847098e-01 -3.39552766e-01 1.39571863e-01
 -4.53325762e-01 -3.43116085e-01 1.34426978e-01
 -4.50657837e-01 -3.46390464e-01 1.29711831e-01
 -4.47849118e-01 -3.49381968e-01 1.25417200e-01
 -4.44905435e-01 -3.52096969e-01 1.21533396e-01
 -4.41832641e-01 -3.54542132e-01 1.18050291e-01
 -4.38636601e-01 -3.56724396e-01 1.14957346e-01
 -4.35323177e-01 -3.58650956e-01 1.12243637e-01
 -4.31898216e-01 -3.60329246e-01 1.09897884e-01
 -4.28367540e-01 -3.61766920e-01 1.07908476e-01
 -4.24736934e-01 -3.62971838e-01 1.06263501e-01
 -4.21012134e-01 -3.63952042e-01 1.04950772e-01
 -4.17198821e-01 -3.64715745e-01 1.03957849e-01
 -4.13302604e-01 -3.65271313e-01 1.03272073e-01
 -4.09329019e-01 -3.65627244e-01 1.02880582e-01
 -4.05283516e-01 -3.65792159e-01 1.02770342e-01
 -4.01171451e-01 -3.65774782e-01 1.02928165e-01
 -3.96998079e-01 -3.65583926e-01 1.03340738e-01
 -3.92768551e-01 -3.65228482e-01 1.03994638e-01
 -3.88487900e-01 -3.64717399e-01 1.04876356e-01
 -3.84161043e-01 -3.64059677e-01 1.05972318e-01
 -3.79792771e-01 -3.63264353e-01 1.07268898e-01
 -3.75387747e-01 -3.62340488e-01 1.08752441e-01
 -3.70950500e-01 -3.61297158e-01 1.10409276e-01
 -3.66485423e-01 -3.60143443e-01 1.12225734e-01
 -3.61996768e-01 -3.58888420e-01 1.14188156e-01
 -3.57488647e-01 -3.57541150e-01 1.16282912e-01
 -3.52965025e-01 -3.56110674e-01 1.18496410e-01
 -3.48429721e-01 -3.54606005e-01 1.20815104e-01
 -3.43886408e-01 -3.53036124e-01 1.23225506e-01
 -3.39338610e-01 -3.51409968e-01 1.25714193e-01
 -3.34789700e-01 -3.49736435e-01 1.28267815e-01
 -3.30242903e-01 -3.48024370e-01 1.30873097e-01
 -3.25701295e-01 -3.46282572e-01 1.33516847e-01
 -3.17881611e-01 -3.33277720e-01 1.52514851e-01
 -3.13403814e-01 -3.31515977e-01 1.55176270e-01
 -3.08936228e-01 -3.29739899e-01 1.57853466e-01
 -3.04479477e-01 -3.27951370e-01 1.60543831e-01
 -3.00034154e-01 -3.26152261e-01 1.63244771e-01
 -2.95600827e-01 -3.24344432e-01 1.65953710e-01
 -2.91180032e-01 -3.22529732e-01 1.68668087e-01
 -2.86772276e-01 -3.20709997e-01 1.71385360e-01
 -2.82378040e-01 -3.18887052e-01 1.74103002e-01
 -2.77997774e-01 -3.17062711e-01 1.76818504e-01
 -2.73631903e-01 -3.15238775e-01 1.79529373e-01
 -2.69280821e-01 -3.13417034e-01 1.82233132e-01
 -2.64944897e-01 -3.11599267e-01 1.84927321e-01
 -2.60624471e-01 -3.09787241e-01 1.87609496e-01
 -2.56319857e-01 -3.07982712e-01 1.90277229e-01
 -2.52031342e-01 -3.06187423e-01 1.92928107e-01
 -2.47759186e-01 -3.04403109e-01 1.95559734e-01
 -2.43503622e-01 -3.02631492e-01 1.98169726e-01
 -2.39264858e-01 -3.00874284e-01 2.00755717e-01
 -2.35043076e-01 -2.99133187e-01 2.03315353e-01
 -2.30838432e-01 -2.97409892e-01 2.05846296e-01
 -2.26651058e-01 -2.95706082e-01 2.08346218e-01
 -2.22481058e-01 -2.94023429e-01 2.10812807e-01
 -2.18328513e-01 -2.92363596e-01 2.13243763e-01
 -2.14193479e-01 -2.90728239e-01 2.15636797e-01
 -2.10075988e-01 -2.89119002e-01 2.17989631e-01
 -2.05976048e-01 -2.87537524e-01 2.20299998e-01
 -2.01893641e-01 -2.85985436e-01 2.22565642e-01
 -1.97828727e-01 -2.84464362e-01 2.24784316e-01
 -1.93781242e-01 -2.82975918e-01 2.26953781e-01
 -1.89751099e-01 -2.81521716e-01 2.29071806e-01
 -1.85738186e-01 -2.80103360e-01 2.31136169e-01
 -1.81742371e-01 -2.78722451e-01 2.33144653e-01
 -1.77763496e-01 -2.77380585e-01 2.35095048e-01
 -1.73801383e-01 -2.76079353e-01 2.36985146e-01
 -1.69855829e-01 -2.74820343e-01 2.38812747e-01
 -1.65926611e-01 -2.73605141e-01 2.40575652e-01
 -1.62013482e-01 -2.72435331e-01 2.42271664e-01
 -1.58116173e-01 -2.71312494e-01 2.43898588e-01
 -1.54234395e-01 -2.70238213e-01 2.45454231e-01
 -1.50367834e-01 -2.69214067e-01 2.46936396e-01
 -1.46516157e-01 -2.68241640e-01 2.48342888e-01
 -1.42679008e-01 -2.67322514e-01 2.49671507e-01
 -1.38856009e-01 -2.66458275e-01 2.50920050e-01
 -1.35046761e-01 -2.65650512e-01 2.52086308e-01
 -1.31250843e-01 -2.64900816e-01 2.53168070e-01
 -1.27467814e-01 -2.64210786e-01 2.54163113e-01
 -1.23697209e-01 -2.63582022e-01 2.55069208e-01
 -1.19938544e-01 -2.63016134e-01 2.55884118e-01
 -1.16191311e-01 -2.62514738e-01 2.56605592e-01
 -1.12454982e-01 -2.62079458e-01 2.57231368e-01
 -1.08729008e-01 -2.61711929e-01 2.57759172e-01
 -1.05012817e-01 -2.61413792e-01 2.58186715e-01
 -1.01305814e-01 -2.61186704e-01 2.58511689e-01
 -9.77608110e-02 -2.62663939e-01 2.56415924e-01
 -9.40643723e-02 -2.62582240e-01 2.56531243e-01
 -9.03747595e-02 -2.62571323e-01 2.56544530e-01
 -8.66909695e-02 -2.62628383e-01 2.56459837e-01
 -8.30120406e-02 -2.62750626e-01 2.56281197e-01
 -7.93370522e-02 -2.62935270e-01 2.56012627e-01
 -7.56651246e-02 -2.63179542e-01 2.55658132e-01
 -7.19954187e-02 -2.63480675e-01 2.55221706e-01
 -6.83271356e-02 -2.63835910e-01 2.54707334e-01
 -6.46595168e-02 -2.64242490e-01 2.54118996e-01
 -6.09918434e-02 -2.64697665e-01 2.53460665e-01
 -5.73234367e-02 -2.65198685e-01 2.52736312e-01
 -5.36536576e-02 -2.65742799e-01 2.51949907e-01
 -4.99819068e-02 -2.66327259e-01 2.51105421e-01
 -4.63076244e-02 -2.66949315e-01 2.50206827e-01
 -4.26302904e-02 -2.67606213e-01 2.49258099e-01
 -3.89494242e-02 -2.68295197e-01 2.48263218e-01
 -3.52645851e-02 -2.69013507e-01 2.47226171e-01
 -3.15753720e-02 -2.69758378e-01 2.46150951e-01
 -2.78814234e-02 -2.70527039e-01 2.45041558e-01
 -2.41824181e-02 -2.71316714e-01 2.43902004e-01
 -2.04780744e-02 -2.72124618e-01 2.42736308e-01
 -1.67681510e-02 -2.72947961e-01 2.41548499e-01
 -1.30524466e-02 -2.73783945e-01 2.40342621e-01
 -9.33080052e-03 -2.74629762e-01 2.39122725e-01
 -5.60309224e-03 -2.75482597e-01 2.37892877e-01
 -1.86924207e-03 -2.76339627e-01 2.36657154e-01
 1.87078895e-03 -2.77198020e-01 2.35419646e-01
 5.61699882e-03 -2.78054933e-01 2.34184456e-01
 9.36934443e-03 -2.78907518e-01 2.32955699e-01
 1.31277414e-02 -2.79752915e-01 2.31737501e-01
 1.68920640e-02 -2.80588256e-01 2.30534005e-01
 2.06621449e-02 -2.81410667e-01 2.29349361e-01
 2.44377750e-02 -2.82217262e-01 2.28187734e-01
 2.82187033e-02 -2.83005151e-01 2.27053297e-01
 3.20046371e-02 -2.83771434e-01 2.25950237e-01
 3.57952414e-02 -2.84513205e-01 2.24882748e-01
 3.95901391e-02 -2.85227553e-01 2.23855033e-01
 4.33889107e-02 -2.85911560e-01 2.22871304e-01
 4.71910946e-02 -2.86562304e-01 2.21935780e-01
 5.09961867e-02 -2.87176859e-01 2.21052684e-01
 5.48036405e-02 -2.87752296e-01 2.20226243e-01
 5.86128671e-02 -2.88285683e-01 2.19460689e-01
 6.24232354e-02 -2.88774089e-01 2.18760253e-01
 6.62340717e-02 -2.89214583e-01 2.18129168e-01
 7.00446605e-02 -2.89604232e-01 2.17571661e-01
 7.38542438e-02 -2.89940111e-01 2.17091960e-01
 7.76620219e-02 -2.90219295e-01 2.16694283e-01
 8.14671531e-02 -2.90438866e-01 2.16382842e-01
 8.52687545e-02 -2.90595914e-01 2.16161838e-01
 8.90659017e-02 -2.90687535e-01 2.16035459e-01
 9.28576294e-02 -2.90710840e-01 2.16007879e-01
 9.66429316e-02 -2.90662946e-01 2.16083253e-01
 1.00420762e-01 -2.90540989e-01 2.16265719e-01
 1.04190035e-01 -2.90342119e-01 2.16559388e-01
 1.07929656e-01 -2.89857164e-01 2.17248617e-01
 1.11678470e-01 -2.89503218e-01 2.17766473e-01
 1.15416837e-01 -2.89077983e-01 2.18387365e-01
 1.19144559e-01 -2.88586472e-01 2.19104028e-01
 1.22861506e-01 -2.88033702e-01 2.19909191e-01
 1.26567625e-01 -2.87424692e-01 2.20795580e-01
 1.30262933e-01 -2.86764459e-01 2.21755929e-01
 1.33947520e-01 -2.86058015e-01 2.22782973e-01
 1.37621548e-01 -2.85310366e-01 2.23869459e-01
 1.41285249e-01 -2.84526510e-01 2.25008148e-01
 1.44938928e-01 -2.83711433e-01 2.26191812e-01
 1.48582960e-01 -2.82870112e-01 2.27413243e-01
 1.52217788e-01 -2.82007508e-01 2.28665250e-01
 1.55843927e-01 -2.81128570e-01 2.29940664e-01
 1.59461963e-01 -2.80238233e-01 2.31232335e-01
 1.63072546e-01 -2.79341414e-01 2.32533140e-01
 1.66676400e-01 -2.78443016e-01 2.33835973e-01
 1.70274315e-01 -2.77547925e-01 2.35133755e-01
 1.73867148e-01 -2.76661012e-01 2.36419430e-01
 1.77455825e-01 -2.75787132e-01 2.37685963e-01
 1.81041342e-01 -2.74931124e-01 2.38926341e-01
 1.84624758e-01 -2.74097815e-01 2.40133573e-01
 1.88207203e-01 -2.73292015e-01 2.41300686e-01
 1.91789873e-01 -2.72518524e-01 2.42420728e-01
 1.95374031e-01 -2.71782131e-01 2.43486758e-01
 1.98961010e-01 -2.71087614e-01 2.44491854e-01
 2.02552207e-01 -2.70439744e-01 2.45429102e-01
 2.06149091e-01 -2.69843286e-01 2.46291596e-01
 2.09753195e-01 -2.69303003e-01 2.47072438e-01
 2.13366124e-01 -2.68823653e-01 2.47764728e-01
 2.16989551e-01 -2.68409998e-01 2.48361568e-01
 2.20625220e-01 -2.68066805e-01 2.48856050e-01
 2.24274944e-01 -2.67798845e-01 2.49241260e-01
 2.27940608e-01 -2.67610901e-01 2.49510265e-01
 2.31624171e-01 -2.67507769e-01 2.49656116e-01
 2.35327662e-01 -2.67494264e-01 2.49671834e-01
 2.39053188e-01 -2.67575220e-01 2.49550414e-01
 2.42802932e-01 -2.67755497e-01 2.49284812e-01
 2.46579152e-01 -2.68039984e-01 2.48867940e-01
 2.50384187e-01 -2.68433606e-01 2.48292664e-01
 2.54220457e-01 -2.68941325e-01 2.47551789e-01
 2.58090465e-01 -2.69568148e-01 2.46638060e-01
 2.61996798e-01 -2.70319129e-01 2.45544149e-01
 2.65942133e-01 -2.71199381e-01 2.44262649e-01
 2.69929235e-01 -2.72214074e-01 2.42786063e-01
 2.73960961e-01 -2.73368446e-01 2.41106800e-01
 2.78040267e-01 -2.74667809e-01 2.39217160e-01
 2.82170204e-01 -2.76117555e-01 2.37109329e-01
 2.86353929e-01 -2.77723162e-01 2.34775364e-01
 2.90594701e-01 -2.79490204e-01 2.32207187e-01
 2.94895894e-01 -2.81424358e-01 2.29396570e-01
 2.99260992e-01 -2.83531410e-01 2.26335125e-01
 3.03693599e-01 -2.85817268e-01 2.23014289e-01
 3.08197444e-01 -2.88287968e-01 2.19425315e-01
 3.11714887e-01 -2.87408987e-01 2.20705903e-01
 3.16354467e-01 -2.90249639e-01 2.16580307e-01
 3.21067945e-01 -2.93264137e-01 2.12202547e-01
 3.25852686e-01 -2.96437893e-01 2.07593795e-01
 3.30705811e-01 -2.99756210e-01 2.02775379e-01
 3.35624186e-01 -3.03204265e-01 1.97768812e-01
 3.40604416e-01 -3.06767087e-01 1.92595821e-01
 3.45642833e-01 -3.10429541e-01 1.87278372e-01
 3.50735491e-01 -3.14176312e-01 1.81838692e-01
 3.55878160e-01 -3.17991889e-01 1.76299290e-01
 3.61066311e-01 -3.21860556e-01 1.70682975e-01
 3.66295118e-01 -3.25766382e-01 1.65012868e-01
 3.71559446e-01 -3.29693213e-01 1.59312413e-01
 3.76853844e-01 -3.33624665e-01 1.53605386e-01
 3.82172547e-01 -3.37544126e-01 1.47915897e-01
 3.87509464e-01 -3.41434750e-01 1.42268392e-01
 3.92858178e-01 -3.45279463e-01 1.36687650e-01
 3.98211943e-01 -3.49060965e-01 1.31198777e-01
 4.03563683e-01 -3.52761739e-01 1.25827193e-01
 4.08905993e-01 -3.56364061e-01 1.20598619e-01
 4.14231136e-01 -3.59850014e-01 1.15539056e-01
 4.19531050e-01 -3.63201500e-01 1.10674768e-01
 4.24797349e-01 -3.66400263e-01 1.06032246e-01
 4.30021330e-01 -3.69427909e-01 1.01638183e-01
 4.35193979e-01 -3.72265931e-01 9.75194322e-02
 4.40305981e-01 -3.74895741e-01 9.37029727e-02
 4.45347730e-01 -3.77298692e-01 9.02158584e-02
 4.50309343e-01 -3.79456122e-01 8.70851710e-02
 4.55180673e-01 -3.81349388e-01 8.43379650e-02
 4.59951325e-01 -3.82959902e-01 8.20012096e-02
 4.64610679e-01 -3.84269184e-01 8.01017253e-02
 4.69147906e-01 -3.85258896e-01 7.86661178e-02
 4.73551991e-01 -3.85910901e-01 7.77207065e-02
 4.77811764e-01 -3.86207310e-01 7.72914509e-02
 4.81915920e-01 -3.86130534e-01 7.74038726e-02
 4.85853051e-01 -3.85663342e-01 7.80829750e-02
 4.89611678e-01 -3.84788918e-01 7.93531601e-02
 4.93180283e-01 -3.83490918e-01 8.12381434e-02
 4.96547345e-01 -3.81753533e-01 8.37608670e-02
 4.99701372e-01 -3.79561546e-01 8.69434116e-02
 5.02630944e-01 -3.76900395e-01 9.08069082e-02
 5.05324752e-01 -3.73756234e-01 9.53714493e-02
 5.07771633e-01 -3.70115994e-01 1.00656002e-01
 5.09960618e-01 -3.65967441e-01 1.06678319e-01
 5.11880968e-01 -3.61299235e-01 1.13454860e-01
 5.13522221e-01 -3.56100987e-01 1.21000702e-01
 5.14874230e-01 -3.50363311e-01 1.29329469e-01
 5.15927209e-01 -3.44077877e-01 1.38453252e-01
 5.16671771e-01 -3.37237458e-01 1.48382544e-01
 5.17098974e-01 -3.29835973e-01 1.59126172e-01
 5.17200355e-01 -3.21868530e-01 1.70691246e-01
 5.16967972e-01 -3.13331456e-01 1.83083100e-01
 5.16394442e-01 -3.04222329e-01 1.96305257e-01
 5.15472969e-01 -2.94540005e-01 2.10359387e-01
 5.14197385e-01 -2.84284633e-01 2.25245283e-01
