 -2.46381765e-01 6.92524941e-01 2.82746309e-01
 -2.42472004e-01 6.92623703e-01 2.84456756e-01
 -2.38600699e-01 6.92709673e-01 2.85985966e-01
 -2.34765981e-01 6.92783064e-01 2.87337078e-01
 -2.30966027e-01 6.92844086e-01 2.88513141e-01
 -2.27199055e-01 6.92892940e-01 2.89517123e-01
 -2.23463329e-01 6.92929825e-01 2.90351909e-01
 -2.19757151e-01 6.92954931e-01 2.91020312e-01
 -2.16103865e-01 6.92956618e-01 2.91358373e-01
 -2.12450009e-01 6.92959404e-01 2.91711763e-01
 -2.08816635e-01 6.92953038e-01 2.91936081e-01
 -2.05199465e-01 6.92939165e-01 2.92054562e-01
 -2.01594457e-01 6.92919427e-01 2.92090402e-01
 -1.97997805e-01 6.92895467e-01 2.92066773e-01
 -1.94405936e-01 6.92868926e-01 2.92006836e-01
 -1.90815510e-01 6.92841450e-01 2.91933751e-01
 -1.87216316e-01 6.92818566e-01 2.91925297e-01
 -1.83622707e-01 6.92792544e-01 2.91872713e-01
 -1.80027382e-01 6.92767348e-01 2.91831751e-01
 -1.76430579e-01 6.92742889e-01 2.91801183e-01
 -1.72832523e-01 6.92719082e-01 2.91779779e-01
 -1.69233429e-01 6.92695839e-01 2.91766308e-01
 -1.65633496e-01 6.92673073e-01 2.91759542e-01
 -1.62028784e-01 6.92653308e-01 2.91794948e-01
 -1.58427720e-01 6.92631300e-01 2.91798810e-01
 -1.54825970e-01 6.92609758e-01 2.91809224e-01
 -1.51223417e-01 6.92588797e-01 2.91827789e-01
 -1.47619957e-01 6.92568532e-01 2.91856106e-01
 -1.44015503e-01 6.92549076e-01 2.91895775e-01
 -1.40409985e-01 6.92530545e-01 2.91948395e-01
 -1.36803348e-01 6.92513053e-01 2.92015564e-01
 -1.33202758e-01 6.92491161e-01 2.92020996e-01
 -1.29594219e-01 6.92475589e-01 2.92115040e-01
 -1.25985876e-01 6.92460244e-01 2.92212220e-01
 -1.22378443e-01 6.92444545e-01 2.92304414e-01
 -1.18772553e-01 6.92427915e-01 2.92383501e-01
 -1.15168756e-01 6.92409773e-01 2.92441364e-01
 -1.11567522e-01 6.92389538e-01 2.92469884e-01
 -1.07963224e-01 6.92372356e-01 2.92541153e-01
 -1.04368318e-01 6.92346277e-01 2.92487804e-01
 -1.00776486e-01 6.92316788e-01 2.92386722e-01
 -9.71875477e-02 6.92283698e-01 2.92235287e-01
 -9.36012960e-02 6.92246819e-01 2.92030870e-01
 -9.00174982e-02 6.92205959e-01 2.91770836e-01
 -8.64358960e-02 6.92160926e-01 2.91452540e-01
 -8.28562051e-02 6.92111529e-01 2.91073327e-01
 -7.92879617e-02 6.92044771e-01 2.90451504e-01
 -7.57102843e-02 6.91986611e-01 2.89950154e-01
 -7.21324698e-02 6.91925047e-01 2.89401412e-01
 -6.85536066e-02 6.91860913e-01 2.88816984e-01
 -6.49728995e-02 6.91795047e-01 2.88208597e-01
 -6.13896695e-02 6.91728289e-01 2.87587996e-01
 -5.78033544e-02 6.91661481e-01 2.86966949e-01
 -5.42135086e-02 6.91595468e-01 2.86357244e-01
 -5.06055230e-02 6.91560323e-01 2.86178723e-01
 -4.70088751e-02 6.91498211e-01 2.85623881e-01
 -4.34082387e-02 6.91438984e-01 2.85109519e-01
 -3.98036823e-02 6.91383256e-01 2.84644180e-01
 -3.61953598e-02 6.91331641e-01 2.84236416e-01
 -3.25835106e-02 6.91284758e-01 2.83894783e-01
 -2.89684595e-02 6.91243220e-01 2.83627835e-01
 -2.53543703e-02 6.91192261e-01 2.83229646e-01
 -2.17337259e-02 6.91163123e-01 2.83135746e-01
 -1.81114411e-02 6.91140705e-01 2.83135519e-01
 -1.44881832e-02 6.91125264e-01 2.83232489e-01
 -1.08646549e-02 6.91117056e-01 2.83430157e-01
 -7.24159405e-03 6.91116334e-01 2.83731998e-01
 -3.61977337e-03 6.91123352e-01 2.84141460e-01
 0.00000000e+00 6.91138359e-01 2.84661956e-01
 3.61659735e-03 6.91169866e-01 2.85411868e-01
 7.22956306e-03 6.91199700e-01 2.86138196e-01
 1.08384078e-02 6.91234247e-01 2.86929770e-01
 1.44429271e-02 6.91271459e-01 2.87758094e-01
 1.80432009e-02 6.91309294e-01 2.88594738e-01
 2.16395919e-02 6.91345713e-01 2.89411349e-01
 2.52327453e-02 6.91378681e-01 2.90179650e-01
 2.88184219e-02 6.91424751e-01 2.91129712e-01
 3.24073209e-02 6.91445347e-01 2.91725436e-01
 3.59955930e-02 6.91459189e-01 2.92227087e-01
 3.95838055e-02 6.91466634e-01 2.92639697e-01
 4.31724761e-02 6.91468040e-01 2.92968270e-01
 4.67620731e-02 6.91463761e-01 2.93217788e-01
 5.03530158e-02 6.91454152e-01 2.93393212e-01
 5.39456744e-02 6.91439565e-01 2.93499489e-01
 5.75440238e-02 6.91413770e-01 2.93450213e-01
 6.11410415e-02 6.91390651e-01 2.93438068e-01
 6.47399906e-02 6.91364534e-01 2.93384350e-01
 6.83405653e-02 6.91336355e-01 2.93302065e-01
 7.19423297e-02 6.91307051e-01 2.93204213e-01
 7.55447178e-02 6.91277560e-01 2.93103802e-01
 7.91470332e-02 6.91248820e-01 2.93013840e-01
 8.27484494e-02 6.91221772e-01 2.92947340e-01
 8.63434337e-02 6.91202860e-01 2.92993578e-01
 8.99412480e-02 6.91180414e-01 2.92990840e-01
 9.35374873e-02 6.91159733e-01 2.93012542e-01
 9.71323746e-02 6.91140384e-01 2.93052665e-01
 1.00726193e-01 6.91121932e-01 2.93105191e-01
 1.04319286e-01 6.91103944e-01 2.93164101e-01
 1.07912057e-01 6.91085984e-01 2.93223380e-01
 1.11507536e-01 6.91065223e-01 2.93243895e-01
 1.15100934e-01 6.91046252e-01 2.93289136e-01
 1.18694736e-01 6.91026729e-01 2.93326733e-01
 1.22288910e-01 6.91006731e-01 2.93357752e-01
 1.25883410e-01 6.90986337e-01 2.93383260e-01
 1.29478184e-01 6.90965621e-01 2.93404323e-01
 1.33073164e-01 6.90944661e-01 2.93422006e-01
 1.36668276e-01 6.90923535e-01 2.93437376e-01
 1.40263952e-01 6.90901934e-01 2.93446170e-01
 1.43859150e-01 6.90880648e-01 2.93459311e-01
 1.47454352e-01 6.90859312e-01 2.93471760e-01
 1.51049544e-01 6.90837941e-01 2.93483724e-01
 1.54644705e-01 6.90816552e-01 2.93495408e-01
 1.58239817e-01 6.90795157e-01 2.93507019e-01
 1.61834855e-01 6.90773773e-01 2.93518763e-01
 1.65428506e-01 6.90753226e-01 2.93542056e-01
 1.69023300e-01 6.90731904e-01 2.93554634e-01
 1.72617965e-01 6.90710622e-01 2.93567766e-01
 1.76212490e-01 6.90689385e-01 2.93581500e-01
 1.79806865e-01 6.90668195e-01 2.93595885e-01
 1.83401080e-01 6.90647057e-01 2.93610968e-01
 1.86995121e-01 6.90625974e-01 2.93626798e-01
 1.90588978e-01 6.90604949e-01 2.93643424e-01
 1.94182392e-01 6.90584119e-01 2.93662717e-01
 1.97775849e-01 6.90563216e-01 2.93681000e-01
 2.01369106e-01 6.90542370e-01 2.93700047e-01
 2.04962168e-01 6.90521575e-01 2.93719801e-01
 2.08555037e-01 6.90500829e-01 2.93740205e-01
 2.12147717e-01 6.90480127e-01 2.93761201e-01
 2.15740211e-01 6.90459464e-01 2.93782732e-01
 2.19333908e-01 6.90438178e-01 2.93795675e-01
 2.22926072e-01 6.90417581e-01 2.93818084e-01
 2.26518085e-01 6.90397003e-01 2.93840746e-01
 2.30109969e-01 6.90376434e-01 2.93863502e-01
 2.33701750e-01 6.90355860e-01 2.93886191e-01
 2.37293455e-01 6.90335271e-01 2.93908655e-01
 2.40885112e-01 6.90314654e-01 2.93930734e-01
 2.44476752e-01 6.90293999e-01 2.93952269e-01
 2.48068468e-01 6.90273267e-01 2.93972732e-01
 2.51660192e-01 6.90252489e-01 2.93992566e-01
 2.55252065e-01 6.90231611e-01 2.94011007e-01
 2.58844169e-01 6.90210603e-01 2.94027649e-01
 2.62436592e-01 6.90189434e-01 2.94042086e-01
 2.66029426e-01 6.90168076e-01 2.94053911e-01
 2.69622767e-01 6.90146498e-01 2.94062719e-01
 2.73216714e-01 6.90124671e-01 2.94068103e-01
 2.76807273e-01 6.90104119e-01 2.94090948e-01
 2.80402259e-01 6.90081868e-01 2.94090507e-01
 2.83997351e-01 6.90059578e-01 2.94089535e-01
 2.87592208e-01 6.90037377e-01 2.94089768e-01
 2.91186467e-01 6.90015391e-01 2.94092945e-01
 2.94779751e-01 6.89993747e-01 2.94100804e-01
 2.98371663e-01 6.89972573e-01 2.94115082e-01
 3.01966520e-01 6.89950349e-01 2.94114998e-01
 3.05554715e-01 6.89930418e-01 2.94146269e-01
 3.09141031e-01 6.89911074e-01 2.94185546e-01
 3.12725624e-01 6.89892244e-01 2.94231848e-01
 3.16308655e-01 6.89873858e-01 2.94284193e-01
 3.19890299e-01 6.89855845e-01 2.94341600e-01
 3.23470737e-01 6.89838131e-01 2.94403088e-01
 3.27050162e-01 6.89820647e-01 2.94467676e-01
 3.30634987e-01 6.89801344e-01 2.94507387e-01
 3.34214208e-01 6.89783744e-01 2.94570341e-01
 3.37795524e-01 6.89765396e-01 2.94623047e-01
 3.41380654e-01 6.89745792e-01 2.94658580e-01
 3.44971391e-01 6.89724423e-01 2.94670013e-01
 3.48569593e-01 6.89700782e-01 2.94650422e-01
 3.52177192e-01 6.89674359e-01 2.94592880e-01
 3.55756287e-01 6.89656462e-01 2.94651667e-01
 3.59387880e-01 6.89623086e-01 2.94499289e-01
 3.63033001e-01 6.89585997e-01 2.94296347e-01
 3.66692013e-01 6.89545199e-01 2.94042913e-01
 3.70365277e-01 6.89500694e-01 2.93739054e-01
 3.74053154e-01 6.89452486e-01 2.93384830e-01
 3.77756009e-01 6.89400575e-01 2.92980298e-01
 3.81474205e-01 6.89344963e-01 2.92525506e-01
 3.85399899e-01 6.89233011e-01 2.91303523e-01
 3.89151319e-01 6.89170084e-01 2.90749626e-01
 3.92918083e-01 6.89103752e-01 2.90149586e-01
 3.96699826e-01 6.89034202e-01 2.89505985e-01
 4.00496160e-01 6.88961622e-01 2.88821403e-01
 4.04306668e-01 6.88886200e-01 2.88098423e-01
 4.08130908e-01 6.88808124e-01 2.87339628e-01
 4.11968412e-01 6.88727584e-01 2.86547607e-01
