 -4.93443119e+00 8.31162349e+00 2.53304473e+01
 -4.86793933e+00 8.30908996e+00 2.53414798e+01
 -4.80171764e+00 8.30778444e+00 2.53484948e+01
 -4.73575143e+00 8.30768542e+00 2.53515629e+01
 -4.67002632e+00 8.30877165e+00 2.53507537e+01
 -4.60452822e+00 8.31102216e+00 2.53461362e+01
 -4.53924332e+00 8.31441622e+00 2.53377784e+01
 -4.47452422e+00 8.32085471e+00 2.53194628e+01
 -4.40960057e+00 8.32637109e+00 2.53041639e+01
 -4.34481148e+00 8.33275700e+00 2.52860216e+01
 -4.28012429e+00 8.33987321e+00 2.52654915e+01
 -4.21550785e+00 8.34758034e+00 2.52430293e+01
 -4.15093256e+00 8.35573888e+00 2.52190917e+01
 -4.08623136e+00 8.36340903e+00 2.51967523e+01
 -4.02165890e+00 8.37205665e+00 2.51712170e+01
 -3.95705056e+00 8.38075137e+00 2.51455286e+01
 -3.89238435e+00 8.38936263e+00 2.51201142e+01
 -3.82763972e+00 8.39775956e+00 2.50954016e+01
 -3.76279753e+00 8.40581108e+00 2.50718197e+01
 -3.69661133e+00 8.40555406e+00 2.50754091e+01
 -3.63155065e+00 8.41256138e+00 2.50552431e+01
 -3.56636505e+00 8.41897166e+00 2.50370302e+01
 -3.50105542e+00 8.42475702e+00 2.50208616e+01
 -3.43562296e+00 8.42988958e+00 2.50068282e+01
 -3.37006920e+00 8.43434152e+00 2.49950209e+01
 -3.30429956e+00 8.43739690e+00 2.49877806e+01
 -3.23851438e+00 8.44042947e+00 2.49806151e+01
 -3.17262920e+00 8.44280979e+00 2.49755827e+01
 -3.10665847e+00 8.44460583e+00 2.49724607e+01
 -3.04061586e+00 8.44588567e+00 2.49710267e+01
 -2.97451432e+00 8.44671746e+00 2.49710577e+01
 -2.90836602e+00 8.44716937e+00 2.49723307e+01
 -2.84228062e+00 8.44812543e+00 2.49719554e+01
 -2.77607510e+00 8.44806590e+00 2.49749005e+01
 -2.70986339e+00 8.44790855e+00 2.49781652e+01
 -2.64365840e+00 8.44776113e+00 2.49813974e+01
 -2.57747180e+00 8.44773135e+00 2.49842449e+01
 -2.51131406e+00 8.44792692e+00 2.49863556e+01
 -2.44507441e+00 8.44729712e+00 2.49911644e+01
 -2.37899920e+00 8.44821654e+00 2.49909087e+01
 -2.31296692e+00 8.44957831e+00 2.49892071e+01
 -2.24697832e+00 8.45142956e+00 2.49859055e+01
 -2.18103366e+00 8.45381750e+00 2.49808498e+01
 -2.11513266e+00 8.45678939e+00 2.49738855e+01
 -2.04928028e+00 8.46045893e+00 2.49646412e+01
 -1.98345559e+00 8.46464669e+00 2.49537034e+01
 -1.91765090e+00 8.46931164e+00 2.49412063e+01
 -1.85185325e+00 8.47433963e+00 2.49275231e+01
 -1.78605095e+00 8.47961641e+00 2.49130273e+01
 -1.72023358e+00 8.48502761e+00 2.48980928e+01
 -1.65505756e+00 8.49996646e+00 2.48520199e+01
 -1.58915929e+00 8.50533288e+00 2.48372335e+01
 -1.52322820e+00 8.51058325e+00 2.48228270e+01
 -1.45726251e+00 8.51567287e+00 2.48089463e+01
 -1.39126095e+00 8.52055700e+00 2.47957378e+01
 -1.32522273e+00 8.52519084e+00 2.47833477e+01
 -1.25889711e+00 8.52482110e+00 2.47873093e+01
 -1.19279972e+00 8.52884557e+00 2.47769112e+01
 -1.12667227e+00 8.53261301e+00 2.47673534e+01
 -1.06052001e+00 8.53619214e+00 2.47584114e+01
 -9.94347396e-01 8.53965174e+00 2.47498603e+01
 -9.28158143e-01 8.54306064e+00 2.47414752e+01
 -8.61955181e-01 8.54648774e+00 2.47330310e+01
 -7.95534987e-01 8.54387895e+00 2.47443092e+01
 -7.29325288e-01 8.54747841e+00 2.47353021e+01
 -6.63102870e-01 8.55117495e+00 2.47259782e+01
 -5.96866975e-01 8.55497076e+00 2.47163303e+01
 -5.30616817e-01 8.55886807e+00 2.47063513e+01
 -4.64351591e-01 8.56286909e+00 2.46960337e+01
 -3.98090582e-01 8.56817402e+00 2.46814566e+01
 -3.31788078e-01 8.57229886e+00 2.46707355e+01
 -2.65466187e-01 8.57633308e+00 2.46603108e+01
 -1.99124701e-01 8.58016109e+00 2.46505602e+01
 -1.32764706e-01 8.58366723e+00 2.46418615e+01
 -6.63885803e-02 8.58673576e+00 2.46345928e+01
 0.00000000e+00 8.59669392e+00 2.46048179e+01
 6.64170553e-02 8.59859731e+00 2.46013562e+01
 1.32836529e-01 8.59987310e+00 2.45999449e+01
 1.99253063e-01 8.60051068e+00 2.46006183e+01
 2.65661180e-01 8.60049950e+00 2.46034109e+01
 3.32055289e-01 8.59982913e+00 2.46083567e+01
 3.98343627e-01 8.59336392e+00 2.46322302e+01
 4.64679017e-01 8.59138879e+00 2.46414369e+01
 5.30986775e-01 8.58888391e+00 2.46523736e+01
 5.97265318e-01 8.58596298e+00 2.46646688e+01
 6.63514336e-01 8.58273966e+00 2.46779512e+01
 7.29734787e-01 8.57932751e+00 2.46918498e+01
 7.95808175e-01 8.57224458e+00 2.47177366e+01
 8.61969057e-01 8.56878617e+00 2.47317851e+01
 9.28109820e-01 8.56542853e+00 2.47455040e+01
 9.94234107e-01 8.56223825e+00 2.47586758e+01
 1.06034630e+00 8.55928188e+00 2.47710832e+01
 1.12645153e+00 8.55662589e+00 2.47825093e+01
 1.19255566e+00 8.55433673e+00 2.47927370e+01
 1.25857384e+00 8.55076010e+00 2.48071687e+01
 1.32468722e+00 8.54932681e+00 2.48146008e+01
 1.39081250e+00 8.54831274e+00 2.48206636e+01
 1.45695247e+00 8.54770607e+00 2.48253960e+01
 1.52310978e+00 8.54749501e+00 2.48288365e+01
 1.58928698e+00 8.54766777e+00 2.48310235e+01
 1.65557189e+00 8.54943429e+00 2.48280067e+01
 1.72179663e+00 8.55030258e+00 2.48279228e+01
 1.78804140e+00 8.55143415e+00 2.48269792e+01
 1.85430348e+00 8.55276605e+00 2.48253817e+01
 1.92057944e+00 8.55423534e+00 2.48233356e+01
 1.98686515e+00 8.55577905e+00 2.48210468e+01
 2.05322654e+00 8.55815038e+00 2.48160560e+01
 2.11951929e+00 8.55965943e+00 2.48138805e+01
 2.18580666e+00 8.56106971e+00 2.48120276e+01
 2.25208284e+00 8.56232903e+00 2.48106676e+01
 2.31834146e+00 8.56338520e+00 2.48099709e+01
 2.38457556e+00 8.56418602e+00 2.48101078e+01
 2.45083803e+00 8.56526320e+00 2.48093426e+01
 2.51700352e+00 8.56541549e+00 2.48115965e+01
 2.58312816e+00 8.56522876e+00 2.48149572e+01
 2.64920982e+00 8.56470915e+00 2.48194043e+01
 2.71524640e+00 8.56386283e+00 2.48249177e+01
 2.78123589e+00 8.56269598e+00 2.48314771e+01
 2.84708217e+00 8.56043152e+00 2.48416190e+01
 2.91297034e+00 8.55864868e+00 2.48501885e+01
 2.97881025e+00 8.55659888e+00 2.48596291e+01
 3.04460476e+00 8.55432183e+00 2.48698110e+01
 3.11035720e+00 8.55185724e+00 2.48806047e+01
 3.17607131e+00 8.54924479e+00 2.48918806e+01
 3.24175129e+00 8.54652414e+00 2.49035092e+01
 3.30695653e+00 8.54055010e+00 2.49257552e+01
 3.37257284e+00 8.53772586e+00 2.49377209e+01
 3.43816829e+00 8.53489900e+00 2.49496946e+01
 3.50374764e+00 8.53210187e+00 2.49615709e+01
 3.56931603e+00 8.52936678e+00 2.49732443e+01
 3.63487894e+00 8.52672602e+00 2.49846095e+01
 3.70122364e+00 8.52920299e+00 2.49792738e+01
 3.76680265e+00 8.52681772e+00 2.49898047e+01
 3.83238325e+00 8.52455340e+00 2.49999406e+01
 3.89796464e+00 8.52239910e+00 2.50097172e+01
 3.96354593e+00 8.52034392e+00 2.50191699e+01
 4.02912607e+00 8.51837694e+00 2.50283345e+01
 4.09517788e+00 8.51922183e+00 2.50283240e+01
 4.16075979e+00 8.51739843e+00 2.50370197e+01
 4.22633691e+00 8.51563141e+00 2.50455311e+01
 4.29190783e+00 8.51391050e+00 2.50538918e+01
 4.35747106e+00 8.51222541e+00 2.50621353e+01
 4.42302496e+00 8.51056587e+00 2.50702952e+01
 4.48870009e+00 8.50961762e+00 2.50761342e+01
 4.55423265e+00 8.50798196e+00 2.50842156e+01
 4.61975337e+00 8.50635647e+00 2.50922636e+01
 4.68526283e+00 8.50474364e+00 2.51002700e+01
 4.75076164e+00 8.50314595e+00 2.51082267e+01
 4.81625043e+00 8.50156589e+00 2.51161256e+01
 4.88172986e+00 8.50000594e+00 2.51239586e+01
