 -1.04326323e+01 -1.69843100e+01 2.69569101e+01
 -1.03572421e+01 -1.69947211e+01 2.70365945e+01
 -1.02828422e+01 -1.70043082e+01 2.71100505e+01
 -1.02093228e+01 -1.70131625e+01 2.71779669e+01
 -1.01365771e+01 -1.70213742e+01 2.72410267e+01
 -1.00645016e+01 -1.70290332e+01 2.72999082e+01
 -9.99299527e+00 -1.70362286e+01 2.73552851e+01
 -9.92196030e+00 -1.70430490e+01 2.74078274e+01
 -9.85130140e+00 -1.70495826e+01 2.74582016e+01
 -9.78092604e+00 -1.70559172e+01 2.75070713e+01
 -9.71074431e+00 -1.70621402e+01 2.75550970e+01
 -9.64066891e+00 -1.70683387e+01 2.76029370e+01
 -9.57061513e+00 -1.70745994e+01 2.76512466e+01
 -9.50050083e+00 -1.70810088e+01 2.77006787e+01
 -9.43346179e+00 -1.70842973e+01 2.77265254e+01
 -9.36303787e+00 -1.70911889e+01 2.77796007e+01
 -9.29252087e+00 -1.70982753e+01 2.78341471e+01
 -9.22196626e+00 -1.71055015e+01 2.78897486e+01
 -9.15142786e+00 -1.71128125e+01 2.79459910e+01
 -9.08095782e+00 -1.71201539e+01 2.80024620e+01
 -9.01060668e+00 -1.71274714e+01 2.80587510e+01
 -8.94042333e+00 -1.71347108e+01 2.81144495e+01
 -8.87045503e+00 -1.71418183e+01 2.81691508e+01
 -8.80074745e+00 -1.71487404e+01 2.82224498e+01
 -8.73134465e+00 -1.71554236e+01 2.82739433e+01
 -8.66228917e+00 -1.71618148e+01 2.83232295e+01
 -8.59362196e+00 -1.71678610e+01 2.83699082e+01
 -8.52434378e+00 -1.71746979e+01 2.84225608e+01
 -8.45656580e+00 -1.71799095e+01 2.84629317e+01
 -8.38921378e+00 -1.71847068e+01 2.85001715e+01
 -8.32224888e+00 -1.71891257e+01 2.85345523e+01
 -8.25563338e+00 -1.71932023e+01 2.85663448e+01
 -8.18933060e+00 -1.71969720e+01 2.85958187e+01
 -8.12330487e+00 -1.72004704e+01 2.86232427e+01
 -8.05752158e+00 -1.72037330e+01 2.86488845e+01
 -7.99194709e+00 -1.72067952e+01 2.86730110e+01
 -7.92654876e+00 -1.72096921e+01 2.86958887e+01
 -7.86129493e+00 -1.72124589e+01 2.87177830e+01
 -7.79615490e+00 -1.72151306e+01 2.87389593e+01
 -7.73109895e+00 -1.72177425e+01 2.87596820e+01
 -7.66609829e+00 -1.72203292e+01 2.87802155e+01
 -7.60061008e+00 -1.72235835e+01 2.88057915e+01
 -7.53565382e+00 -1.72262093e+01 2.88266195e+01
 -7.47070462e+00 -1.72288724e+01 2.88477284e+01
 -7.40575817e+00 -1.72315793e+01 2.88691678e+01
 -7.34081035e+00 -1.72343365e+01 2.88909874e+01
 -7.27585720e+00 -1.72371506e+01 2.89132368e+01
 -7.21089498e+00 -1.72400282e+01 2.89359652e+01
 -7.14592008e+00 -1.72429758e+01 2.89592222e+01
 -7.08092911e+00 -1.72459999e+01 2.89830568e+01
 -7.01591884e+00 -1.72491070e+01 2.90075182e+01
 -6.95088622e+00 -1.72523036e+01 2.90326553e+01
 -6.88582839e+00 -1.72555962e+01 2.90585170e+01
 -6.82074266e+00 -1.72589911e+01 2.90851520e+01
 -6.75621586e+00 -1.72616518e+01 2.91062396e+01
 -6.69106202e+00 -1.72652701e+01 2.91345613e+01
 -6.62587815e+00 -1.72690030e+01 2.91637482e+01
 -6.56066693e+00 -1.72728498e+01 2.91937950e+01
 -6.49543105e+00 -1.72768097e+01 2.92246965e+01
 -6.43017318e+00 -1.72808821e+01 2.92564471e+01
 -6.36489596e+00 -1.72850663e+01 2.92890417e+01
 -6.29960204e+00 -1.72893616e+01 2.93224749e+01
 -6.23429402e+00 -1.72937672e+01 2.93567411e+01
 -6.16897453e+00 -1.72982824e+01 2.93918350e+01
 -6.10364613e+00 -1.73029065e+01 2.94277511e+01
 -6.03831141e+00 -1.73076388e+01 2.94644839e+01
 -5.97297291e+00 -1.73124786e+01 2.95020277e+01
 -5.90763318e+00 -1.73174250e+01 2.95403771e+01
 -5.84275974e+00 -1.73217131e+01 2.95737525e+01
 -5.77743715e+00 -1.73268424e+01 2.96134828e+01
 -5.71216798e+00 -1.73319965e+01 2.96533990e+01
 -5.64698438e+00 -1.73371215e+01 2.96930950e+01
 -5.58191696e+00 -1.73421639e+01 2.97321662e+01
 -5.51699489e+00 -1.73470702e+01 2.97702093e+01
 -5.45224584e+00 -1.73517872e+01 2.98068222e+01
 -5.38769601e+00 -1.73562619e+01 2.98416038e+01
 -5.32337018e+00 -1.73604413e+01 2.98741541e+01
 -5.25929168e+00 -1.73642724e+01 2.99040740e+01
 -5.19548244e+00 -1.73677027e+01 2.99309649e+01
 -5.13196298e+00 -1.73706792e+01 2.99544285e+01
 -5.06875246e+00 -1.73731493e+01 2.99740668e+01
 -5.00606926e+00 -1.73746777e+01 2.99865913e+01
 -4.94351653e+00 -1.73759955e+01 2.99975253e+01
 -4.88126510e+00 -1.73767606e+01 3.00042844e+01
 -4.81927442e+00 -1.73770321e+01 3.00073149e+01
 -4.75750552e+00 -1.73768689e+01 3.00070622e+01
 -4.69592101e+00 -1.73763299e+01 3.00039710e+01
 -4.63448505e+00 -1.73754739e+01 2.99984854e+01
 -4.57316335e+00 -1.73743596e+01 2.99910494e+01
 -4.51192312e+00 -1.73730459e+01 2.99821071e+01
 -4.45073309e+00 -1.73715915e+01 2.99721025e+01
 -4.38956350e+00 -1.73700553e+01 2.99614800e+01
 -4.32838608e+00 -1.73684962e+01 2.99506844e+01
 -4.26717409e+00 -1.73669730e+01 2.99401610e+01
 -4.20590226e+00 -1.73655449e+01 2.99303552e+01
 -4.14470255e+00 -1.73639116e+01 2.99190002e+01
 -4.08325580e+00 -1.73628112e+01 2.99116699e+01
 -4.02172786e+00 -1.73618740e+01 2.99055722e+01
 -3.96012752e+00 -1.73610864e+01 2.99006042e+01
 -3.89846326e+00 -1.73604347e+01 2.98966630e+01
 -3.83674318e+00 -1.73599053e+01 2.98936453e+01
 -3.77497505e+00 -1.73594845e+01 2.98914480e+01
 -3.71316630e+00 -1.73591586e+01 2.98899679e+01
 -3.65132399e+00 -1.73589141e+01 2.98891016e+01
 -3.58945482e+00 -1.73587371e+01 2.98887458e+01
 -3.52756516e+00 -1.73586140e+01 2.98887971e+01
 -3.46566102e+00 -1.73585312e+01 2.98891522e+01
 -3.40374804e+00 -1.73584749e+01 2.98897077e+01
 -3.34180159e+00 -1.73585171e+01 2.98910073e+01
 -3.27988529e+00 -1.73584779e+01 2.98916918e+01
 -3.21796478e+00 -1.73584547e+01 2.98924971e+01
 -3.15603481e+00 -1.73584643e+01 2.98935507e+01
 -3.09409057e+00 -1.73585237e+01 2.98949796e+01
 -3.03212767e+00 -1.73586496e+01 2.98969111e+01
 -2.97014218e+00 -1.73588590e+01 2.98994725e+01
 -2.90813060e+00 -1.73591685e+01 2.99027907e+01
 -2.84608987e+00 -1.73595952e+01 2.99069930e+01
 -2.78401736e+00 -1.73601557e+01 2.99122063e+01
 -2.72191089e+00 -1.73608669e+01 2.99185575e+01
 -2.65976872e+00 -1.73617456e+01 2.99261733e+01
 -2.59758954e+00 -1.73628086e+01 2.99351803e+01
 -2.53537248e+00 -1.73640725e+01 2.99457047e+01
 -2.47317265e+00 -1.73653396e+01 2.99562529e+01
 -2.41088877e+00 -1.73670114e+01 2.99698572e+01
 -2.34859656e+00 -1.73688120e+01 2.99844336e+01
 -2.28631402e+00 -1.73706766e+01 2.99994931e+01
 -2.22405744e+00 -1.73725405e+01 3.00145472e+01
 -2.16184145e+00 -1.73743391e+01 3.00291079e+01
 -2.09967898e+00 -1.73760079e+01 3.00426880e+01
 -2.03758126e+00 -1.73774823e+01 3.00548008e+01
 -1.97555786e+00 -1.73786980e+01 3.00649597e+01
 -1.91361667e+00 -1.73795906e+01 3.00726787e+01
 -1.85176391e+00 -1.73800957e+01 3.00774715e+01
 -1.79000416e+00 -1.73801488e+01 3.00788515e+01
 -1.72834032e+00 -1.73796854e+01 3.00763318e+01
 -1.66632810e+00 -1.73811919e+01 3.00886863e+01
 -1.60487078e+00 -1.73795251e+01 3.00770798e+01
 -1.54348618e+00 -1.73772855e+01 3.00611498e+01
 -1.48215184e+00 -1.73745464e+01 3.00414475e+01
 -1.42084722e+00 -1.73713805e+01 3.00185241e+01
 -1.35955364e+00 -1.73678611e+01 2.99929312e+01
 -1.29825429e+00 -1.73640612e+01 2.99652209e+01
 -1.23693427e+00 -1.73600540e+01 2.99359465e+01
 -1.17558053e+00 -1.73559131e+01 2.99056621e+01
 -1.11418189e+00 -1.73517119e+01 2.98749235e+01
 -1.05272910e+00 -1.73475242e+01 2.98442876e+01
 -9.91214744e-01 -1.73434241e+01 2.98143129e+01
 -9.29633339e-01 -1.73394857e+01 2.97855591e+01
 -8.67981290e-01 -1.73357832e+01 2.97585875e+01
 -8.06374550e-01 -1.73309922e+01 2.97233981e+01
 -7.44573775e-01 -1.73279242e+01 2.97012174e+01
 -6.82714181e-01 -1.73251487e+01 2.96812452e+01
 -6.20803839e-01 -1.73226287e+01 2.96632019e+01
 -5.58849867e-01 -1.73203270e+01 2.96468074e+01
 -4.96858426e-01 -1.73182066e+01 2.96317811e+01
 -4.34834720e-01 -1.73162300e+01 2.96178417e+01
 -3.72782989e-01 -1.73143602e+01 2.96047076e+01
 -3.10706512e-01 -1.73125596e+01 2.95920968e+01
 -2.48607600e-01 -1.73107909e+01 2.95797270e+01
 -1.86487600e-01 -1.73090167e+01 2.95673157e+01
 -1.24346889e-01 -1.73071995e+01 2.95545799e+01
 -6.21848762e-02 -1.73053017e+01 2.95412364e+01
 0.00000000e+00 -1.73044174e+01 2.95355432e+01
 6.22028769e-02 -1.73022581e+01 2.95202257e+01
 1.24433579e-01 -1.72999767e+01 2.95039866e+01
 1.86693825e-01 -1.72976068e+01 2.94870791e+01
 2.48984461e-01 -1.72951819e+01 2.94697572e+01
 3.11305465e-01 -1.72927357e+01 2.94522748e+01
 3.73655941e-01 -1.72903020e+01 2.94348865e+01
 4.36034119e-01 -1.72879144e+01 2.94178471e+01
 4.98437354e-01 -1.72856068e+01 2.94014117e+01
 5.60862123e-01 -1.72834131e+01 2.93858359e+01
 6.23304025e-01 -1.72813671e+01 2.93713754e+01
 6.85757780e-01 -1.72795027e+01 2.93582863e+01
 7.48217230e-01 -1.72778540e+01 2.93468249e+01
 8.10675337e-01 -1.72764548e+01 2.93372473e+01
 8.73248932e-01 -1.72739612e+01 2.93194094e+01
 9.35691438e-01 -1.72731341e+01 2.93141505e+01
 9.98114827e-01 -1.72725789e+01 2.93109436e+01
 1.06051593e+00 -1.72722763e+01 2.93096438e+01
 1.12289210e+00 -1.72722071e+01 2.93101060e+01
 1.18524116e+00 -1.72723521e+01 2.93121847e+01
 1.24756144e+00 -1.72726920e+01 2.93157344e+01
 1.30985181e+00 -1.72732074e+01 2.93206095e+01
 1.37211158e+00 -1.72738792e+01 2.93266644e+01
 1.43434060e+00 -1.72746880e+01 2.93337532e+01
 1.49653921e+00 -1.72756145e+01 2.93417304e+01
 1.55870825e+00 -1.72766394e+01 2.93504502e+01
 1.62084904e+00 -1.72777435e+01 2.93597671e+01
 1.68258848e+00 -1.72810549e+01 2.93857446e+01
 1.74466501e+00 -1.72822587e+01 2.93958143e+01
 1.80672051e+00 -1.72834828e+01 2.94060362e+01
 1.86875854e+00 -1.72847065e+01 2.94162563e+01
 1.93078319e+00 -1.72859097e+01 2.94263209e+01
 1.99279906e+00 -1.72870720e+01 2.94360765e+01
 2.05481130e+00 -1.72881730e+01 2.94453694e+01
 2.11682555e+00 -1.72891924e+01 2.94540465e+01
 2.17884801e+00 -1.72901099e+01 2.94619543e+01
 2.24088536e+00 -1.72909052e+01 2.94689397e+01
 2.30294484e+00 -1.72915580e+01 2.94748496e+01
 2.36503419e+00 -1.72920480e+01 2.94795307e+01
 2.42716170e+00 -1.72923549e+01 2.94828298e+01
 2.48933616e+00 -1.72924584e+01 2.94845938e+01
 2.55191475e+00 -1.72910260e+01 2.94747670e+01
 2.61421093e+00 -1.72906956e+01 2.94732563e+01
 2.67655709e+00 -1.72901947e+01 2.94704593e+01
 2.73894448e+00 -1.72895657e+01 2.94666955e+01
 2.80136328e+00 -1.72888510e+01 2.94622844e+01
 2.86380256e+00 -1.72880927e+01 2.94575456e+01
 2.92625027e+00 -1.72873335e+01 2.94527987e+01
 2.98869330e+00 -1.72866155e+01 2.94483637e+01
 3.05111741e+00 -1.72859812e+01 2.94445605e+01
 3.11350726e+00 -1.72854731e+01 2.94417090e+01
 3.17584642e+00 -1.72851335e+01 2.94401294e+01
 3.23811737e+00 -1.72850048e+01 2.94401417e+01
 3.30030149e+00 -1.72851295e+01 2.94420657e+01
 3.36245091e+00 -1.72853441e+01 2.94446686e+01
 3.42440771e+00 -1.72860879e+01 2.94512648e+01
 3.48624718e+00 -1.72871246e+01 2.94600707e+01
 3.54798033e+00 -1.72884089e+01 2.94707449e+01
 3.60961930e+00 -1.72898955e+01 2.94829464e+01
 3.67117740e+00 -1.72915394e+01 2.94963341e+01
 3.73266909e+00 -1.72932954e+01 2.95105675e+01
 3.79410999e+00 -1.72951184e+01 2.95253060e+01
 3.85551686e+00 -1.72969633e+01 2.95402099e+01
 3.91690759e+00 -1.72987852e+01 2.95549395e+01
 3.97830124e+00 -1.73005390e+01 2.95691556e+01
 4.03971798e+00 -1.73021799e+01 2.95825197e+01
 4.10117914e+00 -1.73036631e+01 2.95946932e+01
 4.16270719e+00 -1.73049437e+01 2.96053379e+01
 4.22467152e+00 -1.73051903e+01 2.96081809e+01
 4.28639378e+00 -1.73059687e+01 2.96150364e+01
 4.34821010e+00 -1.73065134e+01 2.96201278e+01
 4.41011401e+00 -1.73068481e+01 2.96236356e+01
 4.47209845e+00 -1.73069970e+01 2.96257406e+01
 4.53415574e+00 -1.73069838e+01 2.96266229e+01
 4.59627760e+00 -1.73068325e+01 2.96264630e+01
 4.65845513e+00 -1.73065669e+01 2.96254410e+01
 4.72067882e+00 -1.73062109e+01 2.96237369e+01
 4.78293854e+00 -1.73057884e+01 2.96215310e+01
 4.84522354e+00 -1.73053233e+01 2.96190033e+01
 4.90752245e+00 -1.73048394e+01 2.96163341e+01
 4.96982328e+00 -1.73043606e+01 2.96137035e+01
 5.03198274e+00 -1.73041604e+01 2.96131751e+01
 5.09425015e+00 -1.73037583e+01 2.96111231e+01
 5.15649679e+00 -1.73034014e+01 2.96094125e+01
 5.21872593e+00 -1.73030821e+01 2.96079858e+01
 5.28094104e+00 -1.73027929e+01 2.96067853e+01
 5.34314579e+00 -1.73025260e+01 2.96057533e+01
 5.40534405e+00 -1.73022737e+01 2.96048322e+01
 5.46753988e+00 -1.73020285e+01 2.96039642e+01
 5.52973754e+00 -1.73017827e+01 2.96030918e+01
 5.59194149e+00 -1.73015287e+01 2.96021571e+01
 5.65415639e+00 -1.73012588e+01 2.96011026e+01
 5.71638710e+00 -1.73009653e+01 2.95998704e+01
 5.77863866e+00 -1.73006406e+01 2.95984029e+01
 5.84091634e+00 -1.73002771e+01 2.95966425e+01
 5.90339699e+00 -1.72995879e+01 2.95924252e+01
 5.96574363e+00 -1.72991264e+01 2.95899251e+01
 6.02812873e+00 -1.72986103e+01 2.95870139e+01
 6.09055513e+00 -1.72980369e+01 2.95836702e+01
 6.15302571e+00 -1.72974034e+01 2.95798730e+01
 6.21554347e+00 -1.72967069e+01 2.95756011e+01
 6.27811146e+00 -1.72959447e+01 2.95708335e+01
 6.34073279e+00 -1.72951140e+01 2.95655488e+01
 6.40341067e+00 -1.72942119e+01 2.95597259e+01
 6.46614838e+00 -1.72932356e+01 2.95533435e+01
 6.52894927e+00 -1.72921824e+01 2.95463804e+01
 6.59181676e+00 -1.72910493e+01 2.95388152e+01
 6.65475436e+00 -1.72898336e+01 2.95306267e+01
 6.71700483e+00 -1.72896224e+01 2.95300161e+01
 6.78008273e+00 -1.72882381e+01 2.95205562e+01
 6.84322011e+00 -1.72867929e+01 2.95106371e+01
 6.90639846e+00 -1.72853143e+01 2.95004658e+01
 6.96959856e+00 -1.72838296e+01 2.94902496e+01
 7.03280043e+00 -1.72823665e+01 2.94801959e+01
 7.09598340e+00 -1.72809525e+01 2.94705121e+01
 7.15912604e+00 -1.72796150e+01 2.94614061e+01
 7.22220621e+00 -1.72783816e+01 2.94530856e+01
 7.28520105e+00 -1.72772799e+01 2.94457586e+01
 7.34808698e+00 -1.72763375e+01 2.94396331e+01
 7.41083970e+00 -1.72755820e+01 2.94349173e+01
 7.47343418e+00 -1.72750409e+01 2.94318191e+01
 7.53584473e+00 -1.72747419e+01 2.94305464e+01
 7.59866142e+00 -1.72739304e+01 2.94254089e+01
 7.66066679e+00 -1.72741508e+01 2.94280540e+01
 7.72251249e+00 -1.72745648e+01 2.94321595e+01
 7.78424310e+00 -1.72751126e+01 2.94372739e+01
 7.84590477e+00 -1.72757343e+01 2.94429459e+01
 7.90754513e+00 -1.72763701e+01 2.94487243e+01
 7.96921337e+00 -1.72769603e+01 2.94541582e+01
 8.03096018e+00 -1.72774450e+01 2.94587969e+01
 8.09283780e+00 -1.72777646e+01 2.94621898e+01
 8.15489998e+00 -1.72778592e+01 2.94638864e+01
 8.21720206e+00 -1.72776692e+01 2.94634360e+01
 8.27980092e+00 -1.72771348e+01 2.94603878e+01
 8.34275506e+00 -1.72761960e+01 2.94542904e+01
 8.40580724e+00 -1.72751568e+01 2.94474357e+01
 8.46963627e+00 -1.72732470e+01 2.94340145e+01
 8.53391322e+00 -1.72708570e+01 2.94169730e+01
 8.59860796e+00 -1.72680313e+01 2.93966448e+01
 8.66368922e+00 -1.72648139e+01 2.93733633e+01
 8.72912459e+00 -1.72612491e+01 2.93474621e+01
 8.79488050e+00 -1.72573812e+01 2.93192749e+01
 8.86092215e+00 -1.72532544e+01 2.92891358e+01
 8.92721356e+00 -1.72489131e+01 2.92573797e+01
 8.99371749e+00 -1.72444018e+01 2.92243420e+01
 9.06039547e+00 -1.72397651e+01 2.91903590e+01
 9.12720776e+00 -1.72350476e+01 2.91557677e+01
 9.19411333e+00 -1.72302943e+01 2.91209064e+01
 9.26106990e+00 -1.72255501e+01 2.90861139e+01
 9.32834170e+00 -1.72205403e+01 2.90493191e+01
 9.39525879e+00 -1.72159615e+01 2.90157750e+01
 9.46205932e+00 -1.72115610e+01 2.89835762e+01
 9.52867315e+00 -1.72074067e+01 2.89532348e+01
 9.59502820e+00 -1.72035668e+01 2.89252642e+01
 9.66105054e+00 -1.72001094e+01 2.89001785e+01
 9.72666442e+00 -1.71971028e+01 2.88784925e+01
 9.79179225e+00 -1.71946153e+01 2.88607211e+01
 9.85635471e+00 -1.71927151e+01 2.88473794e+01
 9.92027079e+00 -1.71914706e+01 2.88389817e+01
 9.98345787e+00 -1.71909498e+01 2.88360413e+01
 1.00458318e+01 -1.71912206e+01 2.88390697e+01
 1.01073069e+01 -1.71923504e+01 2.88485766e+01
 1.01677963e+01 -1.71944067e+01 2.88650685e+01
