 -1.08018446e+01 -1.96138998e+01 2.66268909e+01
 -1.07306642e+01 -1.96189914e+01 2.66725862e+01
 -1.06592447e+01 -1.96243383e+01 2.67205267e+01
 -1.05876209e+01 -1.96299170e+01 2.67705062e+01
 -1.05158267e+01 -1.96357041e+01 2.68223190e+01
 -1.04438952e+01 -1.96416764e+01 2.68757600e+01
 -1.03718590e+01 -1.96478107e+01 2.69306248e+01
 -1.02997495e+01 -1.96540838e+01 2.69867099e+01
 -1.02275975e+01 -1.96604726e+01 2.70438124e+01
 -1.01554329e+01 -1.96669541e+01 2.71017304e+01
 -1.00832850e+01 -1.96735056e+01 2.71602628e+01
 -1.00111819e+01 -1.96801043e+01 2.72192094e+01
 -9.93915134e+00 -1.96867275e+01 2.72783712e+01
 -9.86721991e+00 -1.96933527e+01 2.73375498e+01
 -9.79541352e+00 -1.96999575e+01 2.73965480e+01
 -9.72463701e+00 -1.97057516e+01 2.74484140e+01
 -9.65314163e+00 -1.97122556e+01 2.75065238e+01
 -9.58181970e+00 -1.97186942e+01 2.75640586e+01
 -9.51067561e+00 -1.97250624e+01 2.76209727e+01
 -9.43971354e+00 -1.97313549e+01 2.76772203e+01
 -9.36893750e+00 -1.97375666e+01 2.77327560e+01
 -9.29835133e+00 -1.97436922e+01 2.77875346e+01
 -9.22795868e+00 -1.97497268e+01 2.78415109e+01
 -9.15776302e+00 -1.97556651e+01 2.78946401e+01
 -9.08776768e+00 -1.97615020e+01 2.79468774e+01
 -9.01797577e+00 -1.97672326e+01 2.79981782e+01
 -8.94839027e+00 -1.97728517e+01 2.80484980e+01
 -8.87901396e+00 -1.97783544e+01 2.80977926e+01
 -8.80984948e+00 -1.97837355e+01 2.81460177e+01
 -8.74089928e+00 -1.97889901e+01 2.81931292e+01
 -8.67044143e+00 -1.97957833e+01 2.82537735e+01
 -8.60192927e+00 -1.98007794e+01 2.82986107e+01
 -8.53360940e+00 -1.98056622e+01 2.83424497e+01
 -8.46546644e+00 -1.98104441e+01 2.83854019e+01
 -8.39748549e+00 -1.98151379e+01 2.84275782e+01
 -8.32965205e+00 -1.98197562e+01 2.84690892e+01
 -8.26195205e+00 -1.98243113e+01 2.85100451e+01
 -8.19437184e+00 -1.98288159e+01 2.85505554e+01
 -8.12689819e+00 -1.98332823e+01 2.85907296e+01
 -8.05951829e+00 -1.98377230e+01 2.86306767e+01
 -7.99221973e+00 -1.98421502e+01 2.86705053e+01
 -7.92499052e+00 -1.98465763e+01 2.87103236e+01
 -7.85781908e+00 -1.98510136e+01 2.87502396e+01
 -7.79069424e+00 -1.98554743e+01 2.87903608e+01
 -7.72360522e+00 -1.98599705e+01 2.88307944e+01
 -7.65902131e+00 -1.98618170e+01 2.88479235e+01
 -7.59196459e+00 -1.98664080e+01 2.88891896e+01
 -7.52493949e+00 -1.98710423e+01 2.89308359e+01
 -7.45794982e+00 -1.98757167e+01 2.89728346e+01
 -7.39099932e+00 -1.98804281e+01 2.90151578e+01
 -7.32409158e+00 -1.98851733e+01 2.90577777e+01
 -7.25723012e+00 -1.98899492e+01 2.91006668e+01
 -7.19041835e+00 -1.98947525e+01 2.91437975e+01
 -7.12365957e+00 -1.98995803e+01 2.91871424e+01
 -7.05695697e+00 -1.99044294e+01 2.92306740e+01
 -6.99031366e+00 -1.99092967e+01 2.92743651e+01
 -6.92373264e+00 -1.99141791e+01 2.93181885e+01
 -6.85721678e+00 -1.99190736e+01 2.93621172e+01
 -6.79076888e+00 -1.99239770e+01 2.94061242e+01
 -6.72339763e+00 -1.99301079e+01 2.94609253e+01
 -6.65710788e+00 -1.99350138e+01 2.95049532e+01
 -6.59091198e+00 -1.99398967e+01 2.95487782e+01
 -6.52482724e+00 -1.99447341e+01 2.95922024e+01
 -6.45887020e+00 -1.99495035e+01 2.96350285e+01
 -6.39305667e+00 -1.99541826e+01 2.96770597e+01
 -6.32740175e+00 -1.99587491e+01 2.97181002e+01
 -6.26191978e+00 -1.99631808e+01 2.97579546e+01
 -6.19662440e+00 -1.99674555e+01 2.97964282e+01
 -6.13152854e+00 -1.99715512e+01 2.98333267e+01
 -6.06664441e+00 -1.99754457e+01 2.98684563e+01
 -6.00198355e+00 -1.99791172e+01 2.99016237e+01
 -5.93755679e+00 -1.99825435e+01 2.99326358e+01
 -5.87337427e+00 -1.99857029e+01 2.99612998e+01
 -5.80944549e+00 -1.99885734e+01 2.99874230e+01
 -5.74763679e+00 -1.99884818e+01 2.99874994e+01
 -5.68420824e+00 -1.99907276e+01 3.00081288e+01
 -5.62102305e+00 -1.99926699e+01 3.00260902e+01
 -5.55806535e+00 -1.99943222e+01 3.00415002e+01
 -5.49531975e+00 -1.99956975e+01 3.00544749e+01
 -5.43277128e+00 -1.99968090e+01 3.00651299e+01
 -5.37040538e+00 -1.99976698e+01 3.00735803e+01
 -5.30820795e+00 -1.99982929e+01 3.00799407e+01
 -5.24616529e+00 -1.99986913e+01 3.00843256e+01
 -5.18426410e+00 -1.99988781e+01 3.00868489e+01
 -5.12249152e+00 -1.99988660e+01 3.00876245e+01
 -5.06083507e+00 -1.99986682e+01 3.00867660e+01
 -4.99928267e+00 -1.99982973e+01 3.00843868e+01
 -4.93782266e+00 -1.99977664e+01 3.00806002e+01
 -4.87644376e+00 -1.99970883e+01 3.00755194e+01
 -4.81421012e+00 -1.99978501e+01 3.00830989e+01
 -4.75296866e+00 -1.99969237e+01 3.00758351e+01
 -4.69176805e+00 -1.99959042e+01 3.00677528e+01
 -4.63059393e+00 -1.99948133e+01 3.00590427e+01
 -4.56943258e+00 -1.99936726e+01 3.00498957e+01
 -4.50827093e+00 -1.99925040e+01 3.00405029e+01
 -4.44709656e+00 -1.99913292e+01 3.00310556e+01
 -4.38589767e+00 -1.99901700e+01 3.00217452e+01
 -4.32466313e+00 -1.99890481e+01 3.00127631e+01
 -4.26338246e+00 -1.99879853e+01 3.00043010e+01
 -4.20204583e+00 -1.99870034e+01 2.99965507e+01
 -4.14064404e+00 -1.99861244e+01 2.99897042e+01
 -4.07916857e+00 -1.99853699e+01 2.99839532e+01
 -4.01761154e+00 -1.99847619e+01 2.99794899e+01
 -3.95682082e+00 -1.99825483e+01 2.99609111e+01
 -3.89506979e+00 -1.99822914e+01 2.99595346e+01
 -3.83323612e+00 -1.99822065e+01 2.99596697e+01
 -3.77133134e+00 -1.99822767e+01 2.99611696e+01
 -3.70936651e+00 -1.99824856e+01 2.99638877e+01
 -3.64735218e+00 -1.99828163e+01 2.99676774e+01
 -3.58529839e+00 -1.99832522e+01 2.99723917e+01
 -3.52321469e+00 -1.99837767e+01 2.99778840e+01
 -3.46111012e+00 -1.99843729e+01 2.99840076e+01
 -3.39899320e+00 -1.99850242e+01 2.99906156e+01
 -3.33687198e+00 -1.99857140e+01 2.99975615e+01
 -3.27475398e+00 -1.99864256e+01 3.00046986e+01
 -3.21264621e+00 -1.99871423e+01 3.00118806e+01
 -3.15055518e+00 -1.99878474e+01 3.00189610e+01
 -3.08848691e+00 -1.99885243e+01 3.00257935e+01
 -3.02671987e+00 -1.99884167e+01 3.00257293e+01
 -2.96470485e+00 -1.99889948e+01 3.00316925e+01
 -2.90271882e+00 -1.99895198e+01 3.00371894e+01
 -2.84075983e+00 -1.99899940e+01 3.00422392e+01
 -2.77882600e+00 -1.99904195e+01 3.00468609e+01
 -2.71691552e+00 -1.99907984e+01 3.00510734e+01
 -2.65502662e+00 -1.99911330e+01 3.00548959e+01
 -2.59315763e+00 -1.99914253e+01 3.00583471e+01
 -2.53130692e+00 -1.99916776e+01 3.00614462e+01
 -2.46947295e+00 -1.99918920e+01 3.00642120e+01
 -2.40765421e+00 -1.99920706e+01 3.00666634e+01
 -2.34584930e+00 -1.99922156e+01 3.00688195e+01
 -2.28405684e+00 -1.99923292e+01 3.00706991e+01
 -2.22227555e+00 -1.99924134e+01 3.00723211e+01
 -2.16050419e+00 -1.99924705e+01 3.00737044e+01
 -2.09949399e+00 -1.99895641e+01 3.00490385e+01
 -2.03771921e+00 -1.99895643e+01 3.00499213e+01
 -1.97595624e+00 -1.99895217e+01 3.00504283e+01
 -1.91420678e+00 -1.99894250e+01 3.00504594e+01
 -1.85247219e+00 -1.99892627e+01 3.00499144e+01
 -1.79075346e+00 -1.99890234e+01 3.00486929e+01
 -1.72905128e+00 -1.99886958e+01 3.00466947e+01
 -1.66736596e+00 -1.99882684e+01 3.00438194e+01
 -1.60569749e+00 -1.99877298e+01 3.00399665e+01
 -1.54404550e+00 -1.99870685e+01 3.00350357e+01
 -1.48240930e+00 -1.99862731e+01 3.00289261e+01
 -1.42078785e+00 -1.99853321e+01 3.00215372e+01
 -1.35917975e+00 -1.99842341e+01 3.00127679e+01
 -1.29758328e+00 -1.99829675e+01 3.00025172e+01
 -1.23599636e+00 -1.99815208e+01 2.99906838e+01
 -1.17406808e+00 -1.99823184e+01 2.99985757e+01
 -1.11250480e+00 -1.99805228e+01 2.99836754e+01
 -1.05093288e+00 -1.99785952e+01 2.99676157e+01
 -9.89345522e-01 -1.99765673e+01 2.99506748e+01
 -9.27736880e-01 -1.99744709e+01 2.99331313e+01
 -8.66102059e-01 -1.99723376e+01 2.99152642e+01
 -8.04437116e-01 -1.99701992e+01 2.98973527e+01
 -7.42739062e-01 -1.99680876e+01 2.98796767e+01
 -6.81005861e-01 -1.99660347e+01 2.98625164e+01
 -6.19236434e-01 -1.99640723e+01 2.98461524e+01
 -5.57430662e-01 -1.99622324e+01 2.98308656e+01
 -4.95589386e-01 -1.99605472e+01 2.98169372e+01
 -4.33714409e-01 -1.99590485e+01 2.98046486e+01
 -3.71808498e-01 -1.99577684e+01 2.97942816e+01
 -3.09942392e-01 -1.99549591e+01 2.97704758e+01
 -2.47974020e-01 -1.99541910e+01 2.97646088e+01
 -1.85990460e-01 -1.99536502e+01 2.97607394e+01
 -1.23997456e-01 -1.99532963e+01 2.97585122e+01
 -6.19995340e-02 -1.99530888e+01 2.97575714e+01
 0.00000000e+00 -1.99529871e+01 2.97575611e+01
 6.19990596e-02 -1.99529508e+01 2.97581252e+01
 1.23996778e-01 -1.99529394e+01 2.97589077e+01
 1.85993510e-01 -1.99529123e+01 2.97595526e+01
 2.47990828e-01 -1.99528290e+01 2.97597039e+01
 3.09991527e-01 -1.99526490e+01 2.97590055e+01
 3.71999620e-01 -1.99523319e+01 2.97571015e+01
 4.34020342e-01 -1.99518370e+01 2.97536356e+01
 4.96060151e-01 -1.99511238e+01 2.97482514e+01
 5.58126727e-01 -1.99501517e+01 2.97405921e+01
 6.20146067e-01 -1.99499813e+01 2.97399783e+01
 6.82282364e-01 -1.99484114e+01 2.97270656e+01
 7.44464759e-01 -1.99465760e+01 2.97118213e+01
 8.06695686e-01 -1.99445117e+01 2.96945646e+01
 8.68976485e-01 -1.99422547e+01 2.96756152e+01
 9.31307397e-01 -1.99398415e+01 2.96552929e+01
 9.93687560e-01 -1.99373084e+01 2.96339180e+01
 1.05611501e+00 -1.99346920e+01 2.96118112e+01
 1.11858667e+00 -1.99320288e+01 2.95892939e+01
 1.18109835e+00 -1.99293555e+01 2.95666878e+01
 1.24364476e+00 -1.99267088e+01 2.95443156e+01
 1.30621949e+00 -1.99241254e+01 2.95225003e+01
 1.36881500e+00 -1.99216423e+01 2.95015655e+01
 1.43142265e+00 -1.99192962e+01 2.94818355e+01
 1.49403265e+00 -1.99171241e+01 2.94636349e+01
 1.55680847e+00 -1.99142366e+01 2.94391484e+01
 1.61940380e+00 -1.99124857e+01 2.94246485e+01
 1.68198168e+00 -1.99109428e+01 2.94119768e+01
 1.74453869e+00 -1.99096019e+01 2.94010803e+01
 1.80707159e+00 -1.99084570e+01 2.93919058e+01
 1.86957733e+00 -1.99075019e+01 2.93843996e+01
 1.93205304e+00 -1.99067306e+01 2.93785083e+01
 1.99449605e+00 -1.99061370e+01 2.93741778e+01
 2.05690389e+00 -1.99057149e+01 2.93713541e+01
 2.11927425e+00 -1.99054580e+01 2.93699830e+01
 2.18160503e+00 -1.99053603e+01 2.93700101e+01
 2.24389432e+00 -1.99054156e+01 2.93713810e+01
 2.30614040e+00 -1.99056176e+01 2.93740409e+01
 2.36834173e+00 -1.99059601e+01 2.93779353e+01
 2.43026678e+00 -1.99072210e+01 2.93898988e+01
 2.49236915e+00 -1.99078249e+01 2.93960900e+01
 2.55442457e+00 -1.99085465e+01 2.94033155e+01
 2.61643354e+00 -1.99093760e+01 2.94114879e+01
 2.67839685e+00 -1.99103033e+01 2.94205198e+01
 2.74031558e+00 -1.99113184e+01 2.94303234e+01
 2.80219113e+00 -1.99124115e+01 2.94408115e+01
 2.86402519e+00 -1.99135725e+01 2.94518964e+01
 2.92581974e+00 -1.99147915e+01 2.94634909e+01
 2.98757705e+00 -1.99160586e+01 2.94755076e+01
 3.04929971e+00 -1.99173638e+01 2.94878594e+01
 3.11099059e+00 -1.99186973e+01 2.95004589e+01
 3.17265286e+00 -1.99200491e+01 2.95132192e+01
 3.23428998e+00 -1.99214093e+01 2.95260532e+01
 3.29590571e+00 -1.99227680e+01 2.95388741e+01
 3.35792746e+00 -1.99230737e+01 2.95424438e+01
 3.41952278e+00 -1.99243948e+01 2.95549335e+01
 3.48111719e+00 -1.99256672e+01 2.95669962e+01
 3.54272145e+00 -1.99268686e+01 2.95784339e+01
 3.60434700e+00 -1.99279763e+01 2.95890486e+01
 3.66600597e+00 -1.99289677e+01 2.95986423e+01
 3.72771115e+00 -1.99298205e+01 2.96070175e+01
 3.78947599e+00 -1.99305121e+01 2.96139765e+01
 3.85131463e+00 -1.99310199e+01 2.96193214e+01
 3.91324190e+00 -1.99313215e+01 2.96228547e+01
 3.97527331e+00 -1.99313944e+01 2.96243784e+01
 4.03742504e+00 -1.99312159e+01 2.96236944e+01
 4.09971399e+00 -1.99307636e+01 2.96206045e+01
 4.16215776e+00 -1.99300147e+01 2.96149097e+01
 4.22477465e+00 -1.99289466e+01 2.96064108e+01
 4.28781201e+00 -1.99270968e+01 2.95910454e+01
 4.35079892e+00 -1.99253927e+01 2.95769603e+01
 4.41392958e+00 -1.99234647e+01 2.95609087e+01
 4.47716815e+00 -1.99213883e+01 2.95435538e+01
 4.54047642e+00 -1.99192392e+01 2.95255597e+01
 4.60381388e+00 -1.99170930e+01 2.95075916e+01
 4.66713766e+00 -1.99150255e+01 2.94903154e+01
 4.73040257e+00 -1.99131127e+01 2.94743982e+01
 4.79356104e+00 -1.99114306e+01 2.94605078e+01
 4.85656321e+00 -1.99100554e+01 2.94493125e+01
 4.91935689e+00 -1.99090630e+01 2.94414810e+01
 4.98188764e+00 -1.99085298e+01 2.94376816e+01
 5.04409875e+00 -1.99085315e+01 2.94385820e+01
 5.10593133e+00 -1.99091443e+01 2.94448487e+01
 5.16732433e+00 -1.99104436e+01 2.94571460e+01
 5.23020536e+00 -1.99093555e+01 2.94484737e+01
 5.29067729e+00 -1.99120571e+01 2.94730872e+01
 5.35074408e+00 -1.99153196e+01 2.95026270e+01
 5.41046147e+00 -1.99190385e+01 2.95361753e+01
 5.46988823e+00 -1.99231095e+01 2.95728161e+01
 5.52908611e+00 -1.99274286e+01 2.96116352e+01
 5.58811980e+00 -1.99318920e+01 2.96517210e+01
 5.64705691e+00 -1.99363962e+01 2.96921647e+01
 5.70596789e+00 -1.99408381e+01 2.97320606e+01
 5.76492607e+00 -1.99451149e+01 2.97705061e+01
 5.82400766e+00 -1.99491241e+01 2.98066013e+01
 5.88329174e+00 -1.99527636e+01 2.98394487e+01
 5.94286031e+00 -1.99559314e+01 2.98681528e+01
 6.00279832e+00 -1.99585257e+01 2.98918194e+01
 6.06365504e+00 -1.99598191e+01 2.99040609e+01
 6.12455849e+00 -1.99610217e+01 2.99155041e+01
 6.18592733e+00 -1.99615797e+01 2.99212864e+01
 6.24771112e+00 -1.99615786e+01 2.99221587e+01
 6.30985703e+00 -1.99611038e+01 2.99188701e+01
 6.37230973e+00 -1.99602403e+01 2.99121687e+01
 6.43501138e+00 -1.99590734e+01 2.99028022e+01
 6.49790156e+00 -1.99576882e+01 2.98915183e+01
 6.56091725e+00 -1.99561698e+01 2.98790652e+01
 6.62399283e+00 -1.99546035e+01 2.98661916e+01
 6.68706002e+00 -1.99530746e+01 2.98536471e+01
 6.75004790e+00 -1.99516687e+01 2.98421820e+01
 6.81288293e+00 -1.99504711e+01 2.98325473e+01
 6.87548894e+00 -1.99495676e+01 2.98254945e+01
 6.93778718e+00 -1.99490436e+01 2.98217751e+01
 7.00343341e+00 -1.99445891e+01 2.97835388e+01
 7.06498529e+00 -1.99449846e+01 2.97878944e+01
 7.12619964e+00 -1.99457616e+01 2.97956002e+01
 7.18713766e+00 -1.99468401e+01 2.98059536e+01
 7.24786295e+00 -1.99481401e+01 2.98182522e+01
 7.30844148e+00 -1.99495817e+01 2.98317940e+01
 7.36894155e+00 -1.99510851e+01 2.98458779e+01
 7.42943379e+00 -1.99525704e+01 2.98598032e+01
 7.48999114e+00 -1.99539580e+01 2.98728702e+01
 7.55068887e+00 -1.99551683e+01 2.98843800e+01
 7.61160458e+00 -1.99561218e+01 2.98936341e+01
 7.67281823e+00 -1.99567388e+01 2.98999344e+01
 7.73441220e+00 -1.99569400e+01 2.99025826e+01
 7.79647130e+00 -1.99566457e+01 2.99008798e+01
 7.85908290e+00 -1.99557762e+01 2.98941262e+01
 7.91894213e+00 -1.99577769e+01 2.99125765e+01
 7.98277850e+00 -1.99556470e+01 2.98947548e+01
 8.04719475e+00 -1.99529552e+01 2.98720008e+01
 8.11214652e+00 -1.99497596e+01 2.98448227e+01
 8.17758772e+00 -1.99461180e+01 2.98137286e+01
 8.24347049e+00 -1.99420883e+01 2.97792267e+01
 8.30974516e+00 -1.99377283e+01 2.97418261e+01
 8.37636020e+00 -1.99330963e+01 2.97020368e+01
 8.44326215e+00 -1.99282504e+01 2.96603702e+01
 8.51039566e+00 -1.99232490e+01 2.96173390e+01
 8.57770339e+00 -1.99181508e+01 2.95734579e+01
 8.64512604e+00 -1.99130145e+01 2.95292431e+01
 8.71260229e+00 -1.99078992e+01 2.94852131e+01
 8.78006884e+00 -1.99028641e+01 2.94418880e+01
 8.85175197e+00 -1.98939510e+01 2.93645134e+01
 8.91905739e+00 -1.98892307e+01 2.93239534e+01
 8.98625876e+00 -1.98846705e+01 2.92848002e+01
 9.05338347e+00 -1.98802421e+01 2.92468041e+01
 9.12045984e+00 -1.98759170e+01 2.92097150e+01
 9.18751718e+00 -1.98716664e+01 2.91732816e+01
 9.25458576e+00 -1.98674618e+01 2.91372519e+01
 9.32169680e+00 -1.98632744e+01 2.91013731e+01
 9.38888250e+00 -1.98590752e+01 2.90653919e+01
 9.45617601e+00 -1.98548353e+01 2.90290538e+01
 9.52361146e+00 -1.98505257e+01 2.89921038e+01
 9.59122397e+00 -1.98461172e+01 2.89542862e+01
 9.65904963e+00 -1.98415805e+01 2.89153441e+01
 9.72712553e+00 -1.98368864e+01 2.88750201e+01
 9.79548978e+00 -1.98320054e+01 2.88330555e+01
 9.86291856e+00 -1.98279774e+01 2.87985803e+01
 9.93194576e+00 -1.98226540e+01 2.87527333e+01
 1.00013105e+01 -1.98171140e+01 2.87049851e+01
 1.00710031e+01 -1.98113695e+01 2.86554418e+01
 1.01410135e+01 -1.98054326e+01 2.86042103e+01
 1.02113312e+01 -1.97993155e+01 2.85513971e+01
 1.02819452e+01 -1.97930303e+01 2.84971096e+01
 1.03528444e+01 -1.97865894e+01 2.84414552e+01
 1.04240168e+01 -1.97800050e+01 2.83845419e+01
 1.04954504e+01 -1.97732894e+01 2.83264780e+01
 1.05671326e+01 -1.97664551e+01 2.82673722e+01
 1.06390503e+01 -1.97595145e+01 2.82073338e+01
 1.07111900e+01 -1.97524800e+01 2.81464726e+01
 1.07835377e+01 -1.97453643e+01 2.80848988e+01
 1.08560792e+01 -1.97381800e+01 2.80227232e+01
 1.09303921e+01 -1.97297084e+01 2.79492490e+01
 1.10032634e+01 -1.97224415e+01 2.78863501e+01
 1.10762294e+01 -1.97151846e+01 2.78235396e+01
 1.11492415e+01 -1.97079743e+01 2.77611393e+01
 1.12222499e+01 -1.97008474e+01 2.76994729e+01
 1.12952033e+01 -1.96938412e+01 2.76388655e+01
 1.13680493e+01 -1.96869927e+01 2.75796440e+01
 1.14407339e+01 -1.96803394e+01 2.75221364e+01
 1.15132018e+01 -1.96739189e+01 2.74666724e+01
 1.15853966e+01 -1.96677687e+01 2.74135829e+01
 1.16572604e+01 -1.96619268e+01 2.73631996e+01
 1.17287340e+01 -1.96564310e+01 2.73158555e+01
 1.17997571e+01 -1.96513194e+01 2.72718842e+01
 1.18702680e+01 -1.96466301e+01 2.72316197e+01
 1.19402039e+01 -1.96424010e+01 2.71953965e+01
