 -8.55775657e+00 -2.20849645e+01 2.70210258e+01
 -8.48346137e+00 -2.20930674e+01 2.71090197e+01
 -8.41020666e+00 -2.21004040e+01 2.71890862e+01
 -8.33788972e+00 -2.21070460e+01 2.72619646e+01
 -8.26641122e+00 -2.21130640e+01 2.73283865e+01
 -8.19567504e+00 -2.21185280e+01 2.73890770e+01
 -8.12558820e+00 -2.21235076e+01 2.74447555e+01
 -8.05606068e+00 -2.21280718e+01 2.74961363e+01
 -7.98700540e+00 -2.21322894e+01 2.75439297e+01
 -7.91833806e+00 -2.21362285e+01 2.75888422e+01
 -7.84997714e+00 -2.21399573e+01 2.76315772e+01
 -7.78184383e+00 -2.21435434e+01 2.76728351e+01
 -7.71386198e+00 -2.21470544e+01 2.77133140e+01
 -7.64595806e+00 -2.21505575e+01 2.77537094e+01
 -7.57953033e+00 -2.21527258e+01 2.77803044e+01
 -7.51159533e+00 -2.21563803e+01 2.78222597e+01
 -7.44365745e+00 -2.21601072e+01 2.78649609e+01
 -7.37574280e+00 -2.21638829e+01 2.79081646e+01
 -7.30787653e+00 -2.21676841e+01 2.79516286e+01
 -7.24008290e+00 -2.21714873e+01 2.79951114e+01
 -7.17238525e+00 -2.21752693e+01 2.80383723e+01
 -7.10480601e+00 -2.21790069e+01 2.80811717e+01
 -7.03736673e+00 -2.21826770e+01 2.81232706e+01
 -6.97008804e+00 -2.21862564e+01 2.81644309e+01
 -6.90298969e+00 -2.21897223e+01 2.82044153e+01
 -6.83609055e+00 -2.21930517e+01 2.82429871e+01
 -6.76940863e+00 -2.21962218e+01 2.82799104e+01
 -6.70296106e+00 -2.21992098e+01 2.83149497e+01
 -6.63605652e+00 -2.22027542e+01 2.83557363e+01
 -6.57011140e+00 -2.22053326e+01 2.83865395e+01
 -6.50439831e+00 -2.22077146e+01 2.84153113e+01
 -6.43890344e+00 -2.22099096e+01 2.84421502e+01
 -6.37361333e+00 -2.22119272e+01 2.84671542e+01
 -6.30851489e+00 -2.22137768e+01 2.84904211e+01
 -6.24359541e+00 -2.22154678e+01 2.85120480e+01
 -6.17884254e+00 -2.22170095e+01 2.85321319e+01
 -6.11424427e+00 -2.22184113e+01 2.85507695e+01
 -6.04978899e+00 -2.22196826e+01 2.85680570e+01
 -5.98546538e+00 -2.22208325e+01 2.85840906e+01
 -5.92126251e+00 -2.22218704e+01 2.85989660e+01
 -5.85716979e+00 -2.22228055e+01 2.86127790e+01
 -5.79350710e+00 -2.22232415e+01 2.86214363e+01
 -5.72960090e+00 -2.22239985e+01 2.86334073e+01
 -5.66577712e+00 -2.22246777e+01 2.86445754e+01
 -5.60202844e+00 -2.22252859e+01 2.86550095e+01
 -5.53834780e+00 -2.22258298e+01 2.86647784e+01
 -5.47472835e+00 -2.22263160e+01 2.86739508e+01
 -5.41116353e+00 -2.22267511e+01 2.86825952e+01
 -5.34764697e+00 -2.22271417e+01 2.86907801e+01
 -5.28417258e+00 -2.22274945e+01 2.86985741e+01
 -5.22073448e+00 -2.22278162e+01 2.87060455e+01
 -5.15732703e+00 -2.22281132e+01 2.87132627e+01
 -5.09394486e+00 -2.22283923e+01 2.87202941e+01
 -5.03058279e+00 -2.22286601e+01 2.87272078e+01
 -4.96723591e+00 -2.22289231e+01 2.87340722e+01
 -4.90476316e+00 -2.22279362e+01 2.87280317e+01
 -4.84142385e+00 -2.22282064e+01 2.87349703e+01
 -4.77809378e+00 -2.22284806e+01 2.87419497e+01
 -4.71477419e+00 -2.22287571e+01 2.87489520e+01
 -4.65146626e+00 -2.22290341e+01 2.87559596e+01
 -4.58817111e+00 -2.22293099e+01 2.87629549e+01
 -4.52488980e+00 -2.22295829e+01 2.87699201e+01
 -4.46162332e+00 -2.22298514e+01 2.87768377e+01
 -4.39837261e+00 -2.22301135e+01 2.87836900e+01
 -4.33513855e+00 -2.22303676e+01 2.87904594e+01
 -4.27192194e+00 -2.22306120e+01 2.87971282e+01
 -4.20872354e+00 -2.22308450e+01 2.88036789e+01
 -4.14554404e+00 -2.22310649e+01 2.88100938e+01
 -4.08238408e+00 -2.22312700e+01 2.88163553e+01
 -4.02105683e+00 -2.22282553e+01 2.87893877e+01
 -3.95790569e+00 -2.22284319e+01 2.87953560e+01
 -3.89476807e+00 -2.22286025e+01 2.88012620e+01
 -3.83164022e+00 -2.22287738e+01 2.88071748e+01
 -3.76851863e+00 -2.22289525e+01 2.88131630e+01
 -3.70540001e+00 -2.22291451e+01 2.88192954e+01
 -3.64228132e+00 -2.22293584e+01 2.88256407e+01
 -3.57915974e+00 -2.22295991e+01 2.88322676e+01
 -3.51603272e+00 -2.22298737e+01 2.88392447e+01
 -3.45289793e+00 -2.22301890e+01 2.88466407e+01
 -3.38975325e+00 -2.22305515e+01 2.88545239e+01
 -3.32659685e+00 -2.22309680e+01 2.88629630e+01
 -3.26342710e+00 -2.22314450e+01 2.88720263e+01
 -3.19968032e+00 -2.22332366e+01 2.88946513e+01
 -3.13649284e+00 -2.22338505e+01 2.89051249e+01
 -3.07329859e+00 -2.22345215e+01 2.89161871e+01
 -3.01010615e+00 -2.22352329e+01 2.89276661e+01
 -2.94692351e+00 -2.22359682e+01 2.89393904e+01
 -2.88375805e+00 -2.22367107e+01 2.89511884e+01
 -2.82061657e+00 -2.22374438e+01 2.89628887e+01
 -2.75750528e+00 -2.22381509e+01 2.89743202e+01
 -2.69442977e+00 -2.22388154e+01 2.89853118e+01
 -2.63139508e+00 -2.22394207e+01 2.89956928e+01
 -2.56840562e+00 -2.22399504e+01 2.90052924e+01
 -2.50546523e+00 -2.22403877e+01 2.90139399e+01
 -2.44257717e+00 -2.22407163e+01 2.90214648e+01
 -2.37974411e+00 -2.22409195e+01 2.90276967e+01
 -2.31743598e+00 -2.22395495e+01 2.90177052e+01
 -2.25470215e+00 -2.22394642e+01 2.90209614e+01
 -2.19201558e+00 -2.22392441e+01 2.90228275e+01
 -2.12936859e+00 -2.22389028e+01 2.90234443e+01
 -2.06675402e+00 -2.22384540e+01 2.90229523e+01
 -2.00416514e+00 -2.22379112e+01 2.90214919e+01
 -1.94159575e+00 -2.22372882e+01 2.90192037e+01
 -1.87904011e+00 -2.22365984e+01 2.90162280e+01
 -1.81649297e+00 -2.22358556e+01 2.90127053e+01
 -1.75394954e+00 -2.22350733e+01 2.90087760e+01
 -1.69140553e+00 -2.22342652e+01 2.90045806e+01
 -1.62885713e+00 -2.22334449e+01 2.90002595e+01
 -1.56630101e+00 -2.22326259e+01 2.89959534e+01
 -1.50373431e+00 -2.22318221e+01 2.89918029e+01
 -1.44092566e+00 -2.22321744e+01 2.89995703e+01
 -1.37834717e+00 -2.22314106e+01 2.89958325e+01
 -1.31576521e+00 -2.22306309e+01 2.89919313e+01
 -1.25318458e+00 -2.22298058e+01 2.89875627e+01
 -1.19060902e+00 -2.22289059e+01 2.89824226e+01
 -1.12804125e+00 -2.22279015e+01 2.89762068e+01
 -1.06548292e+00 -2.22267632e+01 2.89686109e+01
 -1.00293468e+00 -2.22254614e+01 2.89593299e+01
 -9.40396104e-01 -2.22239663e+01 2.89480588e+01
 -8.77865755e-01 -2.22222484e+01 2.89344920e+01
 -8.15341142e-01 -2.22202779e+01 2.89183229e+01
 -7.52818734e-01 -2.22180250e+01 2.88992447e+01
 -6.90293955e-01 -2.22154598e+01 2.88769491e+01
 -6.27491086e-01 -2.22156118e+01 2.88826537e+01
 -5.64969257e-01 -2.22123495e+01 2.88531775e+01
 -5.02418589e-01 -2.22087801e+01 2.88205400e+01
 -4.39826913e-01 -2.22049692e+01 2.87854155e+01
 -3.77184362e-01 -2.22009823e+01 2.87484799e+01
 -3.14483377e-01 -2.21968852e+01 2.87104109e+01
 -2.51718717e-01 -2.21927437e+01 2.86718881e+01
 -1.88887463e-01 -2.21886243e+01 2.86335937e+01
 -1.25989029e-01 -2.21845931e+01 2.85962114e+01
 -6.30251716e-02 -2.21807170e+01 2.85604276e+01
 0.00000000e+00 -2.21770625e+01 2.85269303e+01
 6.30800186e-02 -2.21736969e+01 2.84964092e+01
 1.26206051e-01 -2.21706871e+01 2.84695551e+01
 1.89366894e-01 -2.21681003e+01 2.84470600e+01
 2.52583694e-01 -2.21650200e+01 2.84194836e+01
 3.15781850e-01 -2.21634332e+01 2.84072904e+01
 3.78976440e-01 -2.21623084e+01 2.83998551e+01
 4.42158645e-01 -2.21615903e+01 2.83966095e+01
 5.05321601e-01 -2.21612236e+01 2.83969838e+01
 5.68460404e-01 -2.21611531e+01 2.84004072e+01
 6.31572112e-01 -2.21613232e+01 2.84063086e+01
 6.94655738e-01 -2.21616786e+01 2.84141167e+01
 7.57712257e-01 -2.21621636e+01 2.84232602e+01
 8.20744594e-01 -2.21627229e+01 2.84331682e+01
 8.83757627e-01 -2.21633012e+01 2.84432702e+01
 9.46758185e-01 -2.21638429e+01 2.84529960e+01
 1.00975504e+00 -2.21642929e+01 2.84617761e+01
 1.07275892e+00 -2.21645957e+01 2.84690411e+01
 1.13559118e+00 -2.21659012e+01 2.84866275e+01
 1.19862762e+00 -2.21658085e+01 2.84898193e+01
 1.26168752e+00 -2.21655518e+01 2.84913233e+01
 1.32476889e+00 -2.21651653e+01 2.84914903e+01
 1.38786857e+00 -2.21646830e+01 2.84906709e+01
 1.45098217e+00 -2.21641389e+01 2.84892158e+01
 1.51410414e+00 -2.21635672e+01 2.84874756e+01
 1.57722768e+00 -2.21630017e+01 2.84858010e+01
 1.64034481e+00 -2.21624767e+01 2.84845427e+01
 1.70344636e+00 -2.21620263e+01 2.84840514e+01
 1.76652194e+00 -2.21616844e+01 2.84846779e+01
 1.82955996e+00 -2.21614852e+01 2.84867728e+01
 1.89254764e+00 -2.21614627e+01 2.84906866e+01
 1.95547101e+00 -2.21616510e+01 2.84967695e+01
 2.01881604e+00 -2.21603079e+01 2.84870918e+01
 2.08159873e+00 -2.21609545e+01 2.84978907e+01
 2.14430288e+00 -2.21618015e+01 2.85107508e+01
 2.20693006e+00 -2.21628266e+01 2.85254426e+01
 2.26948265e+00 -2.21640075e+01 2.85417369e+01
 2.33196379e+00 -2.21653219e+01 2.85594043e+01
 2.39437741e+00 -2.21667476e+01 2.85782158e+01
 2.45672821e+00 -2.21682623e+01 2.85979427e+01
 2.51902167e+00 -2.21698440e+01 2.86183564e+01
 2.58126404e+00 -2.21714704e+01 2.86392290e+01
 2.64346233e+00 -2.21731193e+01 2.86603327e+01
 2.70562432e+00 -2.21747687e+01 2.86814400e+01
 2.76775856e+00 -2.21763965e+01 2.87023242e+01
 2.82914723e+00 -2.21798141e+01 2.87416187e+01
 2.89123740e+00 -2.21813355e+01 2.87614048e+01
 2.95332511e+00 -2.21827811e+01 2.87804100e+01
 3.01541794e+00 -2.21841377e+01 2.87984990e+01
 3.07752390e+00 -2.21853922e+01 2.88155367e+01
 3.13965148e+00 -2.21865315e+01 2.88313882e+01
 3.20180963e+00 -2.21875424e+01 2.88459186e+01
 3.26400774e+00 -2.21884118e+01 2.88589931e+01
 3.32625567e+00 -2.21891267e+01 2.88704769e+01
 3.38856375e+00 -2.21896738e+01 2.88802353e+01
 3.45094277e+00 -2.21900401e+01 2.88881334e+01
 3.51340398e+00 -2.21902125e+01 2.88940362e+01
 3.57595912e+00 -2.21901777e+01 2.88978086e+01
 3.63862038e+00 -2.21899225e+01 2.88993152e+01
 3.70302656e+00 -2.21863054e+01 2.88662502e+01
 3.76593921e+00 -2.21856209e+01 2.88633422e+01
 3.82893315e+00 -2.21847943e+01 2.88589739e+01
 3.89198064e+00 -2.21838834e+01 2.88537384e+01
 3.95505191e+00 -2.21829457e+01 2.88482288e+01
 4.01811511e+00 -2.21820391e+01 2.88430383e+01
 4.08113638e+00 -2.21812212e+01 2.88387606e+01
 4.14407978e+00 -2.21805499e+01 2.88359894e+01
 4.20690737e+00 -2.21800828e+01 2.88353186e+01
 4.26957917e+00 -2.21798778e+01 2.88373418e+01
 4.33205319e+00 -2.21799925e+01 2.88426520e+01
 4.39428545e+00 -2.21804847e+01 2.88518416e+01
 4.45623006e+00 -2.21814117e+01 2.88655014e+01
 4.51494424e+00 -2.21873967e+01 2.89311513e+01
 4.57614497e+00 -2.21893392e+01 2.89552445e+01
 4.63700424e+00 -2.21917424e+01 2.89840723e+01
 4.69756807e+00 -2.21945183e+01 2.90167294e+01
 4.75788549e+00 -2.21975790e+01 2.90523116e+01
 4.81800848e+00 -2.22008367e+01 2.90899166e+01
 4.87799198e+00 -2.22042039e+01 2.91286450e+01
 4.93789380e+00 -2.22075934e+01 2.91675997e+01
 4.99777462e+00 -2.22109181e+01 2.92058868e+01
 5.05769802e+00 -2.22140914e+01 2.92426150e+01
 5.11773042e+00 -2.22170267e+01 2.92768959e+01
 5.17794114e+00 -2.22196378e+01 2.93078431e+01
 5.23840239e+00 -2.22218385e+01 2.93345721e+01
 5.29918938e+00 -2.22235429e+01 2.93561993e+01
 5.36281478e+00 -2.22214491e+01 2.93387996e+01
 5.42447486e+00 -2.22219604e+01 2.93481673e+01
 5.48655182e+00 -2.22219128e+01 2.93517927e+01
 5.54901277e+00 -2.22213672e+01 2.93503006e+01
 5.61182282e+00 -2.22203841e+01 2.93443142e+01
 5.67494503e+00 -2.22190240e+01 2.93344554e+01
 5.73834036e+00 -2.22173475e+01 2.93213457e+01
 5.80196767e+00 -2.22154148e+01 2.93056066e+01
 5.86578363e+00 -2.22132867e+01 2.92878598e+01
 5.92974275e+00 -2.22110236e+01 2.92687275e+01
 5.99379736e+00 -2.22086861e+01 2.92488330e+01
 6.05789752e+00 -2.22063351e+01 2.92288005e+01
 6.12199112e+00 -2.22040314e+01 2.92092550e+01
 6.18602378e+00 -2.22018360e+01 2.91908228e+01
 6.24837713e+00 -2.22015848e+01 2.91923605e+01
 6.31214121e+00 -2.21997433e+01 2.91775644e+01
 6.37576527e+00 -2.21980859e+01 2.91646607e+01
 6.43924749e+00 -2.21966094e+01 2.91536151e+01
 6.50258614e+00 -2.21953104e+01 2.91443931e+01
 6.56577966e+00 -2.21941856e+01 2.91369601e+01
 6.62882663e+00 -2.21932315e+01 2.91312810e+01
 6.69172577e+00 -2.21924448e+01 2.91273208e+01
 6.75447592e+00 -2.21918220e+01 2.91250441e+01
 6.81707607e+00 -2.21913597e+01 2.91244154e+01
 6.87952536e+00 -2.21910544e+01 2.91253990e+01
 6.94182305e+00 -2.21909026e+01 2.91279590e+01
 7.00396855e+00 -2.21909009e+01 2.91320594e+01
 7.06566825e+00 -2.21913407e+01 2.91406919e+01
 7.12751291e+00 -2.21916212e+01 2.91476889e+01
 7.18924908e+00 -2.21919971e+01 2.91556653e+01
 7.25092278e+00 -2.21924209e+01 2.91641328e+01
 7.31258165e+00 -2.21928451e+01 2.91726034e+01
 7.37427498e+00 -2.21932221e+01 2.91805896e+01
 7.43605370e+00 -2.21935045e+01 2.91876041e+01
 7.49797037e+00 -2.21936448e+01 2.91931598e+01
 7.56007923e+00 -2.21935956e+01 2.91967698e+01
 7.62243616e+00 -2.21933094e+01 2.91979472e+01
 7.68509878e+00 -2.21927387e+01 2.91962046e+01
 7.74812641e+00 -2.21918360e+01 2.91910542e+01
 7.81158015e+00 -2.21905536e+01 2.91820073e+01
 7.87552289e+00 -2.21888437e+01 2.91685741e+01
 7.94129494e+00 -2.21855161e+01 2.91385398e+01
 8.00638249e+00 -2.21828423e+01 2.91152167e+01
 8.07201996e+00 -2.21797188e+01 2.90872793e+01
 8.13816970e+00 -2.21761887e+01 2.90551724e+01
 8.20479248e+00 -2.21722955e+01 2.90193408e+01
 8.27184753e+00 -2.21680824e+01 2.89802297e+01
 8.33929246e+00 -2.21635930e+01 2.89382851e+01
 8.40708324e+00 -2.21588708e+01 2.88939541e+01
 8.47517415e+00 -2.21539594e+01 2.88476847e+01
 8.54351779e+00 -2.21489026e+01 2.87999269e+01
 8.61206499e+00 -2.21437445e+01 2.87511318e+01
 8.68076485e+00 -2.21385291e+01 2.87017528e+01
 8.74956469e+00 -2.21333009e+01 2.86522446e+01
 8.81841006e+00 -2.21281044e+01 2.86030642e+01
 8.88675318e+00 -2.21233809e+01 2.85587390e+01
 8.95555475e+00 -2.21183506e+01 2.85112698e+01
 9.02432060e+00 -2.21134132e+01 2.84647560e+01
 9.09304711e+00 -2.21085696e+01 2.84192071e+01
 9.16173064e+00 -2.21038207e+01 2.83746325e+01
 9.23036748e+00 -2.20991675e+01 2.83310417e+01
 9.29895394e+00 -2.20946109e+01 2.82884441e+01
 9.36748627e+00 -2.20901517e+01 2.82468490e+01
 9.43596070e+00 -2.20857910e+01 2.82062658e+01
 9.50437343e+00 -2.20815297e+01 2.81667037e+01
 9.57272066e+00 -2.20773686e+01 2.81281721e+01
 9.64099852e+00 -2.20733086e+01 2.80906800e+01
 9.70920315e+00 -2.20693507e+01 2.80542368e+01
 9.77733065e+00 -2.20654957e+01 2.80188515e+01
 9.84758952e+00 -2.20601199e+01 2.79678725e+01
 9.91563453e+00 -2.20564229e+01 2.79341117e+01
 9.98370847e+00 -2.20527467e+01 2.79005658e+01
 1.00518687e+01 -2.20490495e+01 2.78668068e+01
 1.01201743e+01 -2.20452895e+01 2.78324057e+01
 1.01886859e+01 -2.20414247e+01 2.77969320e+01
 1.02574657e+01 -2.20374130e+01 2.77599541e+01
 1.03265778e+01 -2.20332120e+01 2.77210388e+01
 1.03960878e+01 -2.20287795e+01 2.76797514e+01
 1.04660632e+01 -2.20240728e+01 2.76356554e+01
 1.05365731e+01 -2.20190490e+01 2.75883124e+01
 1.06076887e+01 -2.20136652e+01 2.75372815e+01
 1.06794827e+01 -2.20078781e+01 2.74821195e+01
 1.07523541e+01 -2.20014246e+01 2.74201289e+01
 1.08256787e+01 -2.19947368e+01 2.73557419e+01
 1.08997202e+01 -2.19876424e+01 2.72871904e+01
 1.09744107e+01 -2.19801936e+01 2.72150106e+01
 1.10496802e+01 -2.19724429e+01 2.71397411e+01
 1.11254563e+01 -2.19644432e+01 2.70619234e+01
 1.12016645e+01 -2.19562474e+01 2.69821018e+01
 1.12782277e+01 -2.19479092e+01 2.69008241e+01
 1.13550667e+01 -2.19394821e+01 2.68186416e+01
 1.14320996e+01 -2.19310205e+01 2.67361091e+01
 1.15092420e+01 -2.19225787e+01 2.66537852e+01
 1.15864073e+01 -2.19142117e+01 2.65722324e+01
 1.16635061e+01 -2.19059748e+01 2.64920168e+01
 1.17404467e+01 -2.18979235e+01 2.64137080e+01
 1.18176421e+01 -2.18897962e+01 2.63346251e+01
 1.18940313e+01 -2.18822547e+01 2.62615489e+01
 1.19700815e+01 -2.18750001e+01 2.61914173e+01
 1.20457592e+01 -2.18680487e+01 2.61243946e+01
 1.21210300e+01 -2.18614163e+01 2.60606452e+01
 1.21958593e+01 -2.18551192e+01 2.60003340e+01
 1.22702116e+01 -2.18491735e+01 2.59436256e+01
 1.23440511e+01 -2.18435952e+01 2.58906849e+01
 1.24173411e+01 -2.18384005e+01 2.58416764e+01
 1.24900448e+01 -2.18336054e+01 2.57967643e+01
 1.25621247e+01 -2.18292260e+01 2.57561125e+01
 1.26335428e+01 -2.18252782e+01 2.57198842e+01
 1.27042607e+01 -2.18217779e+01 2.56882421e+01
 1.27742396e+01 -2.18187410e+01 2.56613477e+01
