 -8.86654846e+00 -2.46633461e+01 2.65829715e+01
 -8.79722307e+00 -2.46661664e+01 2.66225030e+01
 -8.72753354e+00 -2.46692798e+01 2.66657684e+01
 -8.65753462e+00 -2.46726553e+01 2.67123747e+01
 -8.58727960e+00 -2.46762623e+01 2.67619293e+01
 -8.51682032e+00 -2.46800701e+01 2.68140409e+01
 -8.44620716e+00 -2.46840480e+01 2.68683192e+01
 -8.37548899e+00 -2.46881656e+01 2.69243754e+01
 -8.30471320e+00 -2.46923924e+01 2.69818221e+01
 -8.23392564e+00 -2.46966984e+01 2.70402737e+01
 -8.16317067e+00 -2.47010532e+01 2.70993462e+01
 -8.09249114e+00 -2.47054271e+01 2.71586576e+01
 -8.02192837e+00 -2.47097901e+01 2.72178277e+01
 -7.95356099e+00 -2.47126069e+01 2.72572867e+01
 -7.88332342e+00 -2.47168666e+01 2.73151348e+01
 -7.81328714e+00 -2.47210498e+01 2.73720053e+01
 -7.74346322e+00 -2.47251462e+01 2.74277674e+01
 -7.67386220e+00 -2.47291457e+01 2.74822906e+01
 -7.60449416e+00 -2.47330380e+01 2.75354451e+01
 -7.53536866e+00 -2.47368130e+01 2.75871013e+01
 -7.46649478e+00 -2.47404604e+01 2.76371304e+01
 -7.39788112e+00 -2.47439703e+01 2.76854036e+01
 -7.32953580e+00 -2.47473325e+01 2.77317928e+01
 -7.26146648e+00 -2.47505371e+01 2.77761699e+01
 -7.19368035e+00 -2.47535738e+01 2.78184072e+01
 -7.12618415e+00 -2.47564328e+01 2.78583773e+01
 -7.05877124e+00 -2.47592798e+01 2.78981918e+01
 -6.99186509e+00 -2.47617617e+01 2.79333529e+01
 -6.92523535e+00 -2.47640620e+01 2.79661992e+01
 -6.85886608e+00 -2.47661893e+01 2.79968386e+01
 -6.79274177e+00 -2.47681519e+01 2.80253787e+01
 -6.72684730e+00 -2.47699583e+01 2.80519264e+01
 -6.66116798e+00 -2.47716167e+01 2.80765880e+01
 -6.59568952e+00 -2.47731355e+01 2.80994696e+01
 -6.53039803e+00 -2.47745230e+01 2.81206766e+01
 -6.46528002e+00 -2.47757873e+01 2.81403144e+01
 -6.40032238e+00 -2.47769368e+01 2.81584878e+01
 -6.33551237e+00 -2.47779795e+01 2.81753013e+01
 -6.27083766e+00 -2.47789238e+01 2.81908593e+01
 -6.20671324e+00 -2.47793786e+01 2.82001807e+01
 -6.14225962e+00 -2.47801594e+01 2.82136556e+01
 -6.07788403e+00 -2.47808879e+01 2.82264624e+01
 -6.01356255e+00 -2.47815854e+01 2.82388742e+01
 -5.94927218e+00 -2.47822733e+01 2.82511636e+01
 -5.88499091e+00 -2.47829731e+01 2.82636033e+01
 -5.82069765e+00 -2.47837061e+01 2.82764653e+01
 -5.75637230e+00 -2.47844937e+01 2.82900216e+01
 -5.69199571e+00 -2.47853571e+01 2.83045439e+01
 -5.62754967e+00 -2.47863177e+01 2.83203032e+01
 -5.56301696e+00 -2.47873969e+01 2.83375703e+01
 -5.49838130e+00 -2.47886156e+01 2.83566155e+01
 -5.43362740e+00 -2.47899953e+01 2.83777085e+01
 -5.36611184e+00 -2.47943921e+01 2.84372207e+01
 -5.30117797e+00 -2.47960833e+01 2.84622763e+01
 -5.23621301e+00 -2.47978562e+01 2.84883727e+01
 -5.17127007e+00 -2.47996546e+01 2.85147923e+01
 -5.10639964e+00 -2.48014223e+01 2.85408193e+01
 -5.04164968e+00 -2.48031032e+01 2.85657393e+01
 -4.97706560e+00 -2.48046412e+01 2.85888392e+01
 -4.91269028e+00 -2.48059804e+01 2.86094075e+01
 -4.84856411e+00 -2.48070650e+01 2.86267333e+01
 -4.78472502e+00 -2.48078392e+01 2.86401061e+01
 -4.72120848e+00 -2.48082472e+01 2.86488156e+01
 -4.65804760e+00 -2.48082330e+01 2.86521505e+01
 -4.59599064e+00 -2.48068395e+01 2.86379260e+01
 -4.53360148e+00 -2.48058379e+01 2.86286917e+01
 -4.47154557e+00 -2.48043855e+01 2.86137189e+01
 -4.40974862e+00 -2.48025602e+01 2.85940001e+01
 -4.34813976e+00 -2.48004399e+01 2.85705281e+01
 -4.28665145e+00 -2.47981027e+01 2.85442964e+01
 -4.22521947e+00 -2.47956269e+01 2.85163002e+01
 -4.16378291e+00 -2.47930906e+01 2.84875368e+01
 -4.10228414e+00 -2.47905724e+01 2.84590056e+01
 -4.04066880e+00 -2.47881511e+01 2.84317086e+01
 -3.97888589e+00 -2.47859056e+01 2.84066497e+01
 -3.91688772e+00 -2.47839149e+01 2.83848350e+01
 -3.85462998e+00 -2.47822581e+01 2.83672718e+01
 -3.79148144e+00 -2.47819170e+01 2.83664525e+01
 -3.72862342e+00 -2.47811221e+01 2.83598580e+01
 -3.66550020e+00 -2.47807287e+01 2.83583730e+01
 -3.60216035e+00 -2.47806798e+01 2.83612720e+01
 -3.53864998e+00 -2.47809183e+01 2.83678288e+01
 -3.47501274e+00 -2.47813872e+01 2.83773163e+01
 -3.41128981e+00 -2.47820293e+01 2.83890077e+01
 -3.34751983e+00 -2.47827876e+01 2.84021763e+01
 -3.28373895e+00 -2.47836050e+01 2.84160959e+01
 -3.21998080e+00 -2.47844244e+01 2.84300412e+01
 -3.15627648e+00 -2.47851890e+01 2.84432879e+01
 -3.09265456e+00 -2.47858418e+01 2.84551122e+01
 -3.02914114e+00 -2.47863260e+01 2.84647911e+01
 -2.96626244e+00 -2.47856036e+01 2.84591187e+01
 -2.90299837e+00 -2.47856304e+01 2.84629781e+01
 -2.83983559e+00 -2.47854642e+01 2.84643819e+01
 -2.77674700e+00 -2.47851483e+01 2.84638815e+01
 -2.71370739e+00 -2.47847261e+01 2.84620280e+01
 -2.65069348e+00 -2.47842408e+01 2.84593723e+01
 -2.58768383e+00 -2.47837357e+01 2.84564655e+01
 -2.52465893e+00 -2.47832542e+01 2.84538588e+01
 -2.46160111e+00 -2.47828396e+01 2.84521033e+01
 -2.39849462e+00 -2.47825353e+01 2.84517505e+01
 -2.33532558e+00 -2.47823846e+01 2.84533516e+01
 -2.27208204e+00 -2.47824309e+01 2.84574576e+01
 -2.20875391e+00 -2.47827174e+01 2.84646189e+01
 -2.14530358e+00 -2.47833669e+01 2.84763965e+01
 -2.08180944e+00 -2.47841945e+01 2.84904377e+01
 -2.01826602e+00 -2.47852324e+01 2.85071540e+01
 -1.95469792e+00 -2.47864283e+01 2.85258781e+01
 -1.89112742e+00 -2.47877298e+01 2.85459437e+01
 -1.82757451e+00 -2.47890845e+01 2.85666850e+01
 -1.76405687e+00 -2.47904402e+01 2.85874377e+01
 -1.70058987e+00 -2.47917446e+01 2.86075384e+01
 -1.63718659e+00 -2.47929458e+01 2.86263249e+01
 -1.57385781e+00 -2.47939917e+01 2.86431360e+01
 -1.51061203e+00 -2.47948304e+01 2.86573110e+01
 -1.44745550e+00 -2.47954098e+01 2.86681900e+01
 -1.38439217e+00 -2.47956782e+01 2.86751127e+01
 -1.32158385e+00 -2.47948835e+01 2.86685208e+01
 -1.25868159e+00 -2.47944683e+01 2.86667522e+01
 -1.19583577e+00 -2.47937656e+01 2.86613299e+01
 -1.13302842e+00 -2.47928193e+01 2.86528108e+01
 -1.07024347e+00 -2.47916731e+01 2.86417516e+01
 -1.00746676e+00 -2.47903709e+01 2.86287093e+01
 -9.44686018e-01 -2.47889565e+01 2.86142408e+01
 -8.81890906e-01 -2.47874737e+01 2.85989039e+01
 -8.19072971e-01 -2.47859664e+01 2.85832567e+01
 -7.56225667e-01 -2.47844786e+01 2.85678582e+01
 -6.93344361e-01 -2.47830544e+01 2.85532680e+01
 -6.30426328e-01 -2.47817378e+01 2.85400466e+01
 -5.67423279e-01 -2.47810574e+01 2.85349130e+01
 -5.04437671e-01 -2.47800759e+01 2.85259512e+01
 -4.41423373e-01 -2.47792692e+01 2.85192129e+01
 -3.78387147e-01 -2.47786215e+01 2.85144942e+01
 -3.15335059e-01 -2.47781166e+01 2.85115911e+01
 -2.52272474e-01 -2.47777384e+01 2.85102992e+01
 -1.89204061e-01 -2.47774710e+01 2.85104139e+01
 -1.26133785e-01 -2.47772981e+01 2.85117305e+01
 -6.30649100e-02 -2.47772037e+01 2.85140443e+01
 0.00000000e+00 -2.47771716e+01 2.85171504e+01
 6.30590844e-02 -2.47771858e+01 2.85208441e+01
 1.26111184e-01 -2.47772302e+01 2.85249205e+01
 1.89155841e-01 -2.47772885e+01 2.85291749e+01
 2.52242484e-01 -2.47762152e+01 2.85190504e+01
 3.15286125e-01 -2.47762507e+01 2.85230143e+01
 3.78325850e-01 -2.47762422e+01 2.85264188e+01
 4.41364895e-01 -2.47761661e+01 2.85289638e+01
 5.04407527e-01 -2.47759987e+01 2.85303493e+01
 5.67459041e-01 -2.47757164e+01 2.85302750e+01
 6.30525760e-01 -2.47752955e+01 2.85284407e+01
 6.93615041e-01 -2.47747125e+01 2.85245459e+01
 7.56735272e-01 -2.47739435e+01 2.85182898e+01
 8.19895877e-01 -2.47729649e+01 2.85093712e+01
 8.83107321e-01 -2.47717529e+01 2.84974880e+01
 9.46381116e-01 -2.47702837e+01 2.84823375e+01
 1.00972982e+00 -2.47685332e+01 2.84636159e+01
 1.07329579e+00 -2.47657817e+01 2.84321797e+01
 1.13683522e+00 -2.47634405e+01 2.84059574e+01
 1.20046728e+00 -2.47608685e+01 2.83768045e+01
 1.26418693e+00 -2.47581234e+01 2.83454553e+01
 1.32798658e+00 -2.47552632e+01 2.83126452e+01
 1.39185608e+00 -2.47523459e+01 2.82791118e+01
 1.45578272e+00 -2.47494298e+01 2.82455945e+01
 1.51975122e+00 -2.47465732e+01 2.82128348e+01
 1.58374369e+00 -2.47438346e+01 2.81815764e+01
 1.64773968e+00 -2.47412729e+01 2.81525644e+01
 1.71171615e+00 -2.47389467e+01 2.81265458e+01
 1.77564744e+00 -2.47369151e+01 2.81042685e+01
 1.83950535e+00 -2.47352370e+01 2.80864813e+01
 1.90337570e+00 -2.47336141e+01 2.80693960e+01
 1.96702393e+00 -2.47327366e+01 2.80617761e+01
 2.03056479e+00 -2.47322051e+01 2.80585492e+01
 2.09400464e+00 -2.47319703e+01 2.80590901e+01
 2.15735205e+00 -2.47319829e+01 2.80627728e+01
 2.22061774e+00 -2.47321937e+01 2.80689706e+01
 2.28381456e+00 -2.47325532e+01 2.80770568e+01
 2.34695754e+00 -2.47330121e+01 2.80864046e+01
 2.41006380e+00 -2.47335212e+01 2.80963880e+01
 2.47315264e+00 -2.47340310e+01 2.81063809e+01
 2.53624546e+00 -2.47344924e+01 2.81157582e+01
 2.59936578e+00 -2.47348561e+01 2.81238950e+01
 2.66253927e+00 -2.47350729e+01 2.81301668e+01
 2.72573548e+00 -2.47352181e+01 2.81355301e+01
 2.78905702e+00 -2.47350822e+01 2.81373248e+01
 2.85244000e+00 -2.47348145e+01 2.81374462e+01
 2.91587088e+00 -2.47344507e+01 2.81363469e+01
 2.97933458e+00 -2.47340263e+01 2.81344792e+01
 3.04281447e+00 -2.47335769e+01 2.81322957e+01
 3.10629237e+00 -2.47331384e+01 2.81302487e+01
 3.16974854e+00 -2.47327462e+01 2.81287909e+01
 3.23316169e+00 -2.47324362e+01 2.81283749e+01
 3.29650898e+00 -2.47322439e+01 2.81294532e+01
 3.35976602e+00 -2.47322049e+01 2.81324783e+01
 3.42290690e+00 -2.47323551e+01 2.81379022e+01
 3.48642512e+00 -2.47318586e+01 2.81351210e+01
 3.54926731e+00 -2.47324804e+01 2.81465297e+01
 3.61194604e+00 -2.47333345e+01 2.81608852e+01
 3.67446697e+00 -2.47343999e+01 2.81779215e+01
 3.73683665e+00 -2.47356557e+01 2.81973725e+01
 3.79906256e+00 -2.47370808e+01 2.82189720e+01
 3.86115307e+00 -2.47386545e+01 2.82424541e+01
 3.92311746e+00 -2.47403556e+01 2.82675533e+01
 3.98496587e+00 -2.47421634e+01 2.82940041e+01
 4.04670938e+00 -2.47440570e+01 2.83215418e+01
 4.10835989e+00 -2.47460155e+01 2.83499020e+01
 4.16993021e+00 -2.47480182e+01 2.83788210e+01
 4.23143401e+00 -2.47500443e+01 2.84080357e+01
 4.29233812e+00 -2.47528142e+01 2.84466847e+01
 4.35374201e+00 -2.47548295e+01 2.84757591e+01
 4.41511289e+00 -2.47568228e+01 2.85045533e+01
 4.47645779e+00 -2.47587859e+01 2.85329634e+01
 4.53778409e+00 -2.47607108e+01 2.85608859e+01
 4.59909950e+00 -2.47625891e+01 2.85882175e+01
 4.66041208e+00 -2.47644128e+01 2.86148551e+01
 4.72173021e+00 -2.47661738e+01 2.86406959e+01
 4.78306264e+00 -2.47678640e+01 2.86656371e+01
 4.84441844e+00 -2.47694752e+01 2.86895762e+01
 4.90580703e+00 -2.47709995e+01 2.87124108e+01
 4.96723817e+00 -2.47724287e+01 2.87340387e+01
 5.02872196e+00 -2.47737548e+01 2.87543578e+01
 5.08991055e+00 -2.47753768e+01 2.87784289e+01
 5.15151801e+00 -2.47764825e+01 2.87959506e+01
 5.21318621e+00 -2.47774875e+01 2.88121959e+01
 5.27490999e+00 -2.47784012e+01 2.88272820e+01
 5.33668383e+00 -2.47792328e+01 2.88413258e+01
 5.39850180e+00 -2.47799915e+01 2.88544441e+01
 5.46035759e+00 -2.47806863e+01 2.88667534e+01
 5.52224450e+00 -2.47813267e+01 2.88783702e+01
 5.58415546e+00 -2.47819216e+01 2.88894105e+01
 5.64608298e+00 -2.47824802e+01 2.88999907e+01
 5.70801922e+00 -2.47830117e+01 2.89102265e+01
 5.76995592e+00 -2.47835253e+01 2.89202340e+01
 5.83188444e+00 -2.47840300e+01 2.89301289e+01
 5.89521401e+00 -2.47831459e+01 2.89224161e+01
 5.95714046e+00 -2.47836344e+01 2.89321051e+01
 6.01908902e+00 -2.47840858e+01 2.89413235e+01
 6.08108472e+00 -2.47844775e+01 2.89497846e+01
 6.14315359e+00 -2.47847869e+01 2.89572015e+01
 6.20532261e+00 -2.47849913e+01 2.89632877e+01
 6.26761976e+00 -2.47850682e+01 2.89677567e+01
 6.33007399e+00 -2.47849949e+01 2.89703220e+01
 6.39271524e+00 -2.47847488e+01 2.89706967e+01
 6.45557448e+00 -2.47843072e+01 2.89685939e+01
 6.51868367e+00 -2.47836474e+01 2.89637263e+01
 6.58207583e+00 -2.47827468e+01 2.89558058e+01
 6.64578502e+00 -2.47815825e+01 2.89445437e+01
 6.70834896e+00 -2.47814205e+01 2.89459853e+01
 6.77269075e+00 -2.47797402e+01 2.89281858e+01
 6.83728924e+00 -2.47778688e+01 2.89079641e+01
 6.90209186e+00 -2.47758553e+01 2.88859440e+01
 6.96704386e+00 -2.47737491e+01 2.88627499e+01
 7.03208822e+00 -2.47715996e+01 2.88390074e+01
 7.09716566e+00 -2.47694562e+01 2.88153435e+01
 7.16221464e+00 -2.47673684e+01 2.87923861e+01
 7.22717135e+00 -2.47653860e+01 2.87707645e+01
 7.29196970e+00 -2.47635586e+01 2.87511090e+01
 7.35654140e+00 -2.47619362e+01 2.87340508e+01
 7.42081590e+00 -2.47605685e+01 2.87202215e+01
 7.48752576e+00 -2.47573337e+01 2.86827371e+01
 7.55104459e+00 -2.47565980e+01 2.86769161e+01
 7.61419867e+00 -2.47561476e+01 2.86747099e+01
 7.67704823e+00 -2.47559300e+01 2.86754533e+01
 7.73965584e+00 -2.47558927e+01 2.86784807e+01
 7.80208638e+00 -2.47559831e+01 2.86831259e+01
 7.86440701e+00 -2.47561487e+01 2.86887231e+01
 7.92668716e+00 -2.47563368e+01 2.86946066e+01
 7.98899849e+00 -2.47564951e+01 2.87001108e+01
 8.05141490e+00 -2.47565710e+01 2.87045707e+01
 8.11401259e+00 -2.47565119e+01 2.87073213e+01
 8.17686998e+00 -2.47562654e+01 2.87076977e+01
 8.24006785e+00 -2.47557789e+01 2.87050348e+01
 8.30113670e+00 -2.47567820e+01 2.87212382e+01
 8.36521786e+00 -2.47556786e+01 2.87107617e+01
 8.42979912e+00 -2.47542436e+01 2.86960853e+01
 8.49489815e+00 -2.47524722e+01 2.86771497e+01
 8.56053296e+00 -2.47503596e+01 2.86538943e+01
 8.62672193e+00 -2.47479009e+01 2.86262570e+01
 8.69348379e+00 -2.47450911e+01 2.85941746e+01
 8.76083768e+00 -2.47419251e+01 2.85575825e+01
 8.82880310e+00 -2.47383975e+01 2.85164145e+01
 8.89739998e+00 -2.47345031e+01 2.84706032e+01
 8.96664867e+00 -2.47302364e+01 2.84200794e+01
 9.03656996e+00 -2.47255917e+01 2.83647722e+01
 9.10718507e+00 -2.47205632e+01 2.83046092e+01
 9.18386625e+00 -2.47117435e+01 2.81964455e+01
 9.25590214e+00 -2.47059735e+01 2.81269011e+01
 9.32850141e+00 -2.46999247e+01 2.80538293e+01
 9.40155721e+00 -2.46936692e+01 2.79781446e+01
 9.47495888e+00 -2.46872796e+01 2.79007663e+01
 9.54859187e+00 -2.46808291e+01 2.78226197e+01
 9.62233770e+00 -2.46743910e+01 2.77446359e+01
 9.69607391e+00 -2.46680396e+01 2.76677521e+01
 9.76967404e+00 -2.46618493e+01 2.75929115e+01
 9.84300768e+00 -2.46558950e+01 2.75210627e+01
 9.91594047e+00 -2.46502522e+01 2.74531594e+01
 9.98833419e+00 -2.46449965e+01 2.73901602e+01
 1.00600469e+01 -2.46402039e+01 2.73330267e+01
 1.01234051e+01 -2.46403443e+01 2.73383344e+01
 1.01934034e+01 -2.46366283e+01 2.72948311e+01
 1.02625699e+01 -2.46334345e+01 2.72579392e+01
 1.03309201e+01 -2.46307444e+01 2.72274240e+01
 1.03984705e+01 -2.46285392e+01 2.72030477e+01
 1.04652390e+01 -2.46268000e+01 2.71845694e+01
 1.05312447e+01 -2.46255075e+01 2.71717459e+01
 1.05965078e+01 -2.46246423e+01 2.71643314e+01
 1.06610494e+01 -2.46241850e+01 2.71620784e+01
 1.07248922e+01 -2.46241159e+01 2.71647372e+01
 1.07880596e+01 -2.46244150e+01 2.71720572e+01
 1.08505760e+01 -2.46250627e+01 2.71837861e+01
 1.09124671e+01 -2.46260388e+01 2.71996708e+01
