 -8.75756447e+00 -2.73839803e+01 2.69628726e+01
 -8.68940592e+00 -2.73858116e+01 2.69954224e+01
 -8.62064149e+00 -2.73879865e+01 2.70337356e+01
 -8.55134757e+00 -2.73904728e+01 2.70772718e+01
 -8.48159870e+00 -2.73932384e+01 2.71254905e+01
 -8.41146748e+00 -2.73962511e+01 2.71778522e+01
 -8.34102453e+00 -2.73994787e+01 2.72338183e+01
 -8.27033847e+00 -2.74028893e+01 2.72928518e+01
 -8.19947587e+00 -2.74064510e+01 2.73544177e+01
 -8.12850119e+00 -2.74101320e+01 2.74179831e+01
 -8.05747684e+00 -2.74139007e+01 2.74830176e+01
 -7.98646310e+00 -2.74177256e+01 2.75489936e+01
 -7.91551816e+00 -2.74215755e+01 2.76153861e+01
 -7.84465914e+00 -2.74254412e+01 2.76820428e+01
 -7.77400069e+00 -2.74292578e+01 2.77478733e+01
 -7.70353468e+00 -2.74330286e+01 2.78129355e+01
 -7.63328968e+00 -2.74367360e+01 2.78769325e+01
 -7.56329305e+00 -2.74403624e+01 2.79395688e+01
 -7.49357102e+00 -2.74438902e+01 2.80005505e+01
 -7.42414867e+00 -2.74473020e+01 2.80595851e+01
 -7.35504993e+00 -2.74505804e+01 2.81163811e+01
 -7.28629765e+00 -2.74537081e+01 2.81706484e+01
 -7.21791358e+00 -2.74566678e+01 2.82220978e+01
 -7.14991839e+00 -2.74594424e+01 2.82704408e+01
 -7.08233173e+00 -2.74620147e+01 2.83153897e+01
 -7.01630168e+00 -2.74636591e+01 2.83447799e+01
 -6.94954814e+00 -2.74657933e+01 2.83823815e+01
 -6.88317253e+00 -2.74677274e+01 2.84166260e+01
 -6.81713419e+00 -2.74694819e+01 2.84478596e+01
 -6.75139382e+00 -2.74710774e+01 2.84764266e+01
 -6.68591339e+00 -2.74725345e+01 2.85026701e+01
 -6.62065617e+00 -2.74738734e+01 2.85269323e+01
 -6.55558668e+00 -2.74751145e+01 2.85495542e+01
 -6.49067066e+00 -2.74762781e+01 2.85708761e+01
 -6.42587512e+00 -2.74773844e+01 2.85912375e+01
 -6.36116827e+00 -2.74784537e+01 2.86109771e+01
 -6.29651952e+00 -2.74795062e+01 2.86304333e+01
 -6.23149266e+00 -2.74808480e+01 2.86547405e+01
 -6.16688569e+00 -2.74819211e+01 2.86745427e+01
 -6.10229048e+00 -2.74830102e+01 2.86946117e+01
 -6.03771373e+00 -2.74841108e+01 2.87148743e+01
 -5.97316190e+00 -2.74852187e+01 2.87352575e+01
 -5.90864115e+00 -2.74863294e+01 2.87556882e+01
 -5.84415743e+00 -2.74874387e+01 2.87760937e+01
 -5.77971639e+00 -2.74885421e+01 2.87964013e+01
 -5.71532344e+00 -2.74896354e+01 2.88165383e+01
 -5.65098374e+00 -2.74907143e+01 2.88364323e+01
 -5.58670216e+00 -2.74917744e+01 2.88560110e+01
 -5.52248335e+00 -2.74928113e+01 2.88752021e+01
 -5.45833169e+00 -2.74938209e+01 2.88939335e+01
 -5.39270661e+00 -2.74960495e+01 2.89330983e+01
 -5.32869894e+00 -2.74970081e+01 2.89509743e+01
 -5.26472973e+00 -2.74979603e+01 2.89687416e+01
 -5.20078185e+00 -2.74989201e+01 2.89866369e+01
 -5.13683905e+00 -2.74999017e+01 2.90048965e+01
 -5.07288589e+00 -2.75009191e+01 2.90237562e+01
 -5.00890776e+00 -2.75019864e+01 2.90434517e+01
 -4.94489090e+00 -2.75031177e+01 2.90642179e+01
 -4.88082239e+00 -2.75043268e+01 2.90862897e+01
 -4.81669014e+00 -2.75056278e+01 2.91099009e+01
 -4.75248291e+00 -2.75070347e+01 2.91352851e+01
 -4.68819028e+00 -2.75085612e+01 2.91626752e+01
 -4.62310793e+00 -2.75108752e+01 2.92032621e+01
 -4.55865574e+00 -2.75126544e+01 2.92348851e+01
 -4.49416712e+00 -2.75145213e+01 2.92679771e+01
 -4.42968025e+00 -2.75164421e+01 2.93019724e+01
 -4.36523128e+00 -2.75183833e+01 2.93363071e+01
 -4.30085433e+00 -2.75203111e+01 2.93704187e+01
 -4.23658149e+00 -2.75221923e+01 2.94037465e+01
 -4.17244285e+00 -2.75239934e+01 2.94357312e+01
 -4.10846650e+00 -2.75256811e+01 2.94658151e+01
 -4.04467855e+00 -2.75272222e+01 2.94934416e+01
 -3.98110314e+00 -2.75285836e+01 2.95180552e+01
 -3.91776247e+00 -2.75297321e+01 2.95391008e+01
 -3.85557505e+00 -2.75296256e+01 2.95391143e+01
 -3.79273154e+00 -2.75302683e+01 2.95516824e+01
 -3.73011539e+00 -2.75306720e+01 2.95602462e+01
 -3.66769473e+00 -2.75308623e+01 2.95652330e+01
 -3.60543917e+00 -2.75308646e+01 2.95670692e+01
 -3.54331985e+00 -2.75307043e+01 2.95661801e+01
 -3.48130936e+00 -2.75304066e+01 2.95629907e+01
 -3.41938178e+00 -2.75299971e+01 2.95579258e+01
 -3.35751265e+00 -2.75295009e+01 2.95514100e+01
 -3.29567895e+00 -2.75289435e+01 2.95438680e+01
 -3.23385912e+00 -2.75283502e+01 2.95357247e+01
 -3.17203303e+00 -2.75277464e+01 2.95274052e+01
 -3.11018201e+00 -2.75271574e+01 2.95193349e+01
 -3.04790997e+00 -2.75271473e+01 2.95209641e+01
 -2.98598350e+00 -2.75266398e+01 2.95142582e+01
 -2.92401351e+00 -2.75261797e+01 2.95083475e+01
 -2.86200000e+00 -2.75257701e+01 2.95032842e+01
 -2.79994312e+00 -2.75254143e+01 2.94991208e+01
 -2.73784322e+00 -2.75251153e+01 2.94959095e+01
 -2.67570081e+00 -2.75248762e+01 2.94937026e+01
 -2.61351660e+00 -2.75247002e+01 2.94925524e+01
 -2.55129147e+00 -2.75245904e+01 2.94925109e+01
 -2.48902649e+00 -2.75245498e+01 2.94936303e+01
 -2.42672290e+00 -2.75245817e+01 2.94959625e+01
 -2.36438214e+00 -2.75246891e+01 2.94995594e+01
 -2.30245258e+00 -2.75240337e+01 2.94903785e+01
 -2.24004503e+00 -2.75242730e+01 2.94961855e+01
 -2.17763781e+00 -2.75245314e+01 2.95023134e+01
 -2.11524944e+00 -2.75247728e+01 2.95081546e+01
 -2.05289635e+00 -2.75249607e+01 2.95131017e+01
 -1.99059289e+00 -2.75250591e+01 2.95165479e+01
 -1.92835133e+00 -2.75250317e+01 2.95178859e+01
 -1.86618184e+00 -2.75248421e+01 2.95165087e+01
 -1.80409256e+00 -2.75244542e+01 2.95118085e+01
 -1.74208953e+00 -2.75238316e+01 2.95031770e+01
 -1.68017676e+00 -2.75229378e+01 2.94900042e+01
 -1.61835620e+00 -2.75217364e+01 2.94716783e+01
 -1.55625323e+00 -2.75212347e+01 2.94650720e+01
 -1.49461605e+00 -2.75193475e+01 2.94352615e+01
 -1.43302388e+00 -2.75171693e+01 2.94005752e+01
 -1.37144668e+00 -2.75147553e+01 2.93619411e+01
 -1.30985757e+00 -2.75121610e+01 2.93202890e+01
 -1.24823284e+00 -2.75094422e+01 2.92765513e+01
 -1.18655188e+00 -2.75066546e+01 2.92316635e+01
 -1.12479726e+00 -2.75038544e+01 2.91865645e+01
 -1.06295472e+00 -2.75010977e+01 2.91421969e+01
 -1.00101316e+00 -2.74984412e+01 2.90995066e+01
 -9.38964700e-01 -2.74959414e+01 2.90594429e+01
 -8.76804665e-01 -2.74936552e+01 2.90229580e+01
 -8.14822021e-01 -2.74900828e+01 2.89649328e+01
 -7.52418824e-01 -2.74883754e+01 2.89381432e+01
 -6.89924018e-01 -2.74869575e+01 2.89162034e+01
 -6.27354534e-01 -2.74857981e+01 2.88985922e+01
 -5.64725535e-01 -2.74848659e+01 2.88847861e+01
 -5.02050399e-01 -2.74841295e+01 2.88742599e+01
 -4.39340712e-01 -2.74835576e+01 2.88664874e+01
 -3.76606262e-01 -2.74831186e+01 2.88609414e+01
 -3.13855033e-01 -2.74827810e+01 2.88570940e+01
 -2.51093200e-01 -2.74825133e+01 2.88544170e+01
 -1.88325131e-01 -2.74822839e+01 2.88523820e+01
 -1.25553380e-01 -2.74820613e+01 2.88504603e+01
 -6.27786920e-02 -2.74818139e+01 2.88481234e+01
 0.00000000e+00 -2.74808713e+01 2.88341462e+01
 6.27943626e-02 -2.74805059e+01 2.88298323e+01
 1.25598001e-01 -2.74800747e+01 2.88244187e+01
 1.88413808e-01 -2.74795763e+01 2.88178800e+01
 2.51244761e-01 -2.74790092e+01 2.88101908e+01
 3.14093928e-01 -2.74783719e+01 2.88013254e+01
 3.76964463e-01 -2.74776627e+01 2.87912582e+01
 4.39859610e-01 -2.74768802e+01 2.87799634e+01
 5.02782701e-01 -2.74760229e+01 2.87674153e+01
 5.65737159e-01 -2.74750891e+01 2.87535876e+01
 6.28726495e-01 -2.74740773e+01 2.87384544e+01
 6.91754314e-01 -2.74729859e+01 2.87219892e+01
 7.55186761e-01 -2.74697076e+01 2.86689108e+01
 8.18330969e-01 -2.74684628e+01 2.86498781e+01
 8.81518427e-01 -2.74671650e+01 2.86299586e+01
 9.44747243e-01 -2.74658336e+01 2.86094766e+01
 1.00801441e+00 -2.74644879e+01 2.85887572e+01
 1.07131580e+00 -2.74631475e+01 2.85681258e+01
 1.13464615e+00 -2.74618318e+01 2.85479085e+01
 1.19799909e+00 -2.74605603e+01 2.85284318e+01
 1.26136710e+00 -2.74593525e+01 2.85100230e+01
 1.32474156e+00 -2.74582281e+01 2.84930095e+01
 1.38811268e+00 -2.74572066e+01 2.84777193e+01
 1.45146958e+00 -2.74563076e+01 2.84644805e+01
 1.51447726e+00 -2.74564891e+01 2.84693290e+01
 1.57775806e+00 -2.74558857e+01 2.84610378e+01
 1.64099861e+00 -2.74554283e+01 2.84551918e+01
 1.70419632e+00 -2.74551074e+01 2.84516304e+01
 1.76734920e+00 -2.74549133e+01 2.84501925e+01
 1.83045579e+00 -2.74548365e+01 2.84507167e+01
 1.89351520e+00 -2.74548672e+01 2.84530413e+01
 1.95652712e+00 -2.74549958e+01 2.84570046e+01
 2.01949175e+00 -2.74552127e+01 2.84624447e+01
 2.08240990e+00 -2.74555081e+01 2.84691994e+01
 2.14528289e+00 -2.74558724e+01 2.84771068e+01
 2.20811263e+00 -2.74562959e+01 2.84860049e+01
 2.27090157e+00 -2.74567689e+01 2.84957315e+01
 2.33366229e+00 -2.74572637e+01 2.85058227e+01
 2.39637127e+00 -2.74578217e+01 2.85169717e+01
 2.45903435e+00 -2.74584277e+01 2.85289231e+01
 2.52164678e+00 -2.74590863e+01 2.85417545e+01
 2.58420360e+00 -2.74598022e+01 2.85555435e+01
 2.64669955e+00 -2.74605798e+01 2.85703673e+01
 2.70912913e+00 -2.74614240e+01 2.85863033e+01
 2.77148658e+00 -2.74623392e+01 2.86034284e+01
 2.83376588e+00 -2.74633301e+01 2.86218194e+01
 2.89596075e+00 -2.74644013e+01 2.86415530e+01
 2.95806468e+00 -2.74655573e+01 2.86627056e+01
 3.02007088e+00 -2.74668026e+01 2.86853531e+01
 3.08212935e+00 -2.74679184e+01 2.87058311e+01
 3.14393241e+00 -2.74693415e+01 2.87314526e+01
 3.20564214e+00 -2.74708323e+01 2.87582051e+01
 3.26726846e+00 -2.74723735e+01 2.87858011e+01
 3.32882223e+00 -2.74739480e+01 2.88139535e+01
 3.39031525e+00 -2.74755387e+01 2.88423762e+01
 3.45176030e+00 -2.74771285e+01 2.88707836e+01
 3.51317108e+00 -2.74787004e+01 2.88988905e+01
 3.57456225e+00 -2.74802374e+01 2.89264129e+01
 3.63594940e+00 -2.74817226e+01 2.89530671e+01
 3.69734908e+00 -2.74831390e+01 2.89785700e+01
 3.75877875e+00 -2.74844698e+01 2.90026392e+01
 3.81951597e+00 -2.74865453e+01 2.90391693e+01
 3.88103833e+00 -2.74876671e+01 2.90597398e+01
 3.94260757e+00 -2.74886979e+01 2.90787885e+01
 4.00421199e+00 -2.74896548e+01 2.90966006e+01
 4.06583889e+00 -2.74905549e+01 2.91134608e+01
 4.12747466e+00 -2.74914151e+01 2.91296532e+01
 4.18910473e+00 -2.74922523e+01 2.91454617e+01
 4.25071357e+00 -2.74930836e+01 2.91611695e+01
 4.31228472e+00 -2.74939258e+01 2.91770598e+01
 4.37380075e+00 -2.74947958e+01 2.91934150e+01
 4.43524331e+00 -2.74957105e+01 2.92105173e+01
 4.49659309e+00 -2.74966867e+01 2.92286487e+01
 4.55741497e+00 -2.74981378e+01 2.92547240e+01
 4.61851956e+00 -2.74992803e+01 2.92756354e+01
 4.67951034e+00 -2.75004953e+01 2.92977605e+01
 4.74040699e+00 -2.75017620e+01 2.93207489e+01
 4.80123036e+00 -2.75030594e+01 2.93442509e+01
 4.86200247e+00 -2.75043667e+01 2.93679176e+01
 4.92274645e+00 -2.75056631e+01 2.93914006e+01
 4.98348662e+00 -2.75069277e+01 2.94143522e+01
 5.04424841e+00 -2.75081399e+01 2.94364255e+01
 5.10505842e+00 -2.75092789e+01 2.94572741e+01
 5.16594438e+00 -2.75103240e+01 2.94765521e+01
 5.22693519e+00 -2.75112546e+01 2.94939142e+01
 5.28806091e+00 -2.75120501e+01 2.95090153e+01
 5.34980385e+00 -2.75123237e+01 2.95153881e+01
 5.41126979e+00 -2.75128108e+01 2.95253306e+01
 5.47290353e+00 -2.75131513e+01 2.95328216e+01
 5.53470093e+00 -2.75133535e+01 2.95379978e+01
 5.59665741e+00 -2.75134254e+01 2.95409959e+01
 5.65876794e+00 -2.75133752e+01 2.95419521e+01
 5.72102706e+00 -2.75132111e+01 2.95410024e+01
 5.78342886e+00 -2.75129411e+01 2.95382824e+01
 5.84596696e+00 -2.75125734e+01 2.95339277e+01
 5.90863456e+00 -2.75121161e+01 2.95280737e+01
 5.97142437e+00 -2.75115771e+01 2.95208557e+01
 6.03432867e+00 -2.75109647e+01 2.95124089e+01
 6.09652380e+00 -2.75108677e+01 2.95125809e+01
 6.15963371e+00 -2.75101255e+01 2.95019641e+01
 6.22286243e+00 -2.75093130e+01 2.94901729e+01
 6.28622216e+00 -2.75084240e+01 2.94771011e+01
 6.34972549e+00 -2.75074520e+01 2.94626424e+01
 6.41338539e+00 -2.75063907e+01 2.94466902e+01
 6.47721521e+00 -2.75052337e+01 2.94291376e+01
 6.54122871e+00 -2.75039745e+01 2.94098776e+01
 6.60544005e+00 -2.75026067e+01 2.93888024e+01
 6.66986377e+00 -2.75011240e+01 2.93658044e+01
 6.73451486e+00 -2.74995197e+01 2.93407749e+01
 6.79940869e+00 -2.74977874e+01 2.93136054e+01
 6.86240150e+00 -2.74972909e+01 2.93071017e+01
 6.92779009e+00 -2.74952948e+01 2.92755224e+01
 6.99339145e+00 -2.74931997e+01 2.92422896e+01
 7.05915274e+00 -2.74910410e+01 2.92079931e+01
 7.12501893e+00 -2.74888540e+01 2.91732242e+01
 7.19093279e+00 -2.74866742e+01 2.91385761e+01
 7.25683490e+00 -2.74845371e+01 2.91046436e+01
 7.32266364e+00 -2.74824784e+01 2.90720232e+01
 7.38835515e+00 -2.74805339e+01 2.90413130e+01
 7.45384342e+00 -2.74787395e+01 2.90131125e+01
 7.51906027e+00 -2.74771310e+01 2.89880221e+01
 7.58393536e+00 -2.74757446e+01 2.89666431e+01
 7.64839630e+00 -2.74746160e+01 2.89495769e+01
 7.71446495e+00 -2.74725915e+01 2.89175317e+01
 7.77802709e+00 -2.74720091e+01 2.89095974e+01
 7.84121132e+00 -2.74716453e+01 2.89053188e+01
 7.90408536e+00 -2.74714575e+01 2.89039816e+01
 7.96671944e+00 -2.74714029e+01 2.89048709e+01
 8.02918629e+00 -2.74714386e+01 2.89072712e+01
 8.09156109e+00 -2.74715220e+01 2.89104671e+01
 8.15392147e+00 -2.74716102e+01 2.89137435e+01
 8.21634747e+00 -2.74716604e+01 2.89163850e+01
 8.27892158e+00 -2.74716298e+01 2.89176769e+01
 8.34172875e+00 -2.74714758e+01 2.89169040e+01
 8.40485638e+00 -2.74711554e+01 2.89133513e+01
 8.46759332e+00 -2.74710403e+01 2.89132291e+01
 8.53156656e+00 -2.74702905e+01 2.89024982e+01
 8.59598031e+00 -2.74693256e+01 2.88881708e+01
 8.66082922e+00 -2.74681528e+01 2.88703705e+01
 8.72610755e+00 -2.74667796e+01 2.88492203e+01
 8.79180922e+00 -2.74652133e+01 2.88248429e+01
 8.85792775e+00 -2.74634612e+01 2.87973603e+01
 8.92445632e+00 -2.74615306e+01 2.87668943e+01
 8.99138770e+00 -2.74594287e+01 2.87335666e+01
 9.05871426e+00 -2.74571628e+01 2.86974985e+01
 9.12642800e+00 -2.74547401e+01 2.86588112e+01
 9.19452048e+00 -2.74521679e+01 2.86176260e+01
 9.26331201e+00 -2.74492971e+01 2.85714505e+01
 9.33213994e+00 -2.74464463e+01 2.85256119e+01
 9.40132783e+00 -2.74434636e+01 2.84775687e+01
 9.47087275e+00 -2.74403529e+01 2.84273879e+01
 9.54077156e+00 -2.74371182e+01 2.83751363e+01
 9.61102087e+00 -2.74337635e+01 2.83208807e+01
 9.68161705e+00 -2.74302928e+01 2.82646880e+01
 9.75255623e+00 -2.74267102e+01 2.82066253e+01
 9.82383431e+00 -2.74230195e+01 2.81467598e+01
 9.89544693e+00 -2.74192250e+01 2.80851588e+01
 9.96738946e+00 -2.74153305e+01 2.80218898e+01
 1.00396570e+01 -2.74113402e+01 2.79570204e+01
 1.01122445e+01 -2.74072580e+01 2.78906186e+01
