 -9.90920011e+00 -2.96309371e+01 2.44990572e+01
 -9.83279641e+00 -2.96343068e+01 2.45771268e+01
 -9.75702968e+00 -2.96375042e+01 2.46512008e+01
 -9.68183331e+00 -2.96405485e+01 2.47217298e+01
 -9.60714263e+00 -2.96434591e+01 2.47891609e+01
 -9.53289487e+00 -2.96462551e+01 2.48539383e+01
 -9.45902914e+00 -2.96489557e+01 2.49165035e+01
 -9.38548636e+00 -2.96515797e+01 2.49772953e+01
 -9.31220923e+00 -2.96541460e+01 2.50367502e+01
 -9.23914224e+00 -2.96566733e+01 2.50953026e+01
 -9.16623159e+00 -2.96591804e+01 2.51533845e+01
 -9.09342524e+00 -2.96616857e+01 2.52114261e+01
 -9.02067283e+00 -2.96642077e+01 2.52698554e+01
 -8.94792571e+00 -2.96667649e+01 2.53290986e+01
 -8.87513696e+00 -2.96693754e+01 2.53895794e+01
 -8.80252323e+00 -2.96719592e+01 2.54494383e+01
 -8.72954054e+00 -2.96747215e+01 2.55134354e+01
 -8.65648354e+00 -2.96775541e+01 2.55790593e+01
 -8.58338746e+00 -2.96804450e+01 2.56460333e+01
 -8.51028645e+00 -2.96833822e+01 2.57140818e+01
 -8.43721357e+00 -2.96863540e+01 2.57829309e+01
 -8.36420075e+00 -2.96893486e+01 2.58523081e+01
 -8.29127884e+00 -2.96923543e+01 2.59219423e+01
 -8.21847760e+00 -2.96953594e+01 2.59915640e+01
 -8.14582568e+00 -2.96983525e+01 2.60609052e+01
 -8.07335068e+00 -2.97013219e+01 2.61296996e+01
 -8.00107910e+00 -2.97042563e+01 2.61976821e+01
 -7.92903640e+00 -2.97071443e+01 2.62645894e+01
 -7.85724699e+00 -2.97099745e+01 2.63301592e+01
 -7.78573422e+00 -2.97127358e+01 2.63941310e+01
 -7.71115008e+00 -2.97168438e+01 2.64893038e+01
 -7.64026376e+00 -2.97194426e+01 2.65495118e+01
 -7.56964901e+00 -2.97219689e+01 2.66080399e+01
 -7.49928140e+00 -2.97244314e+01 2.66650903e+01
 -7.42913729e+00 -2.97268388e+01 2.67208645e+01
 -7.35919384e+00 -2.97291998e+01 2.67755625e+01
 -7.28942900e+00 -2.97315230e+01 2.68293838e+01
 -7.21982149e+00 -2.97338168e+01 2.68825266e+01
 -7.15035077e+00 -2.97360899e+01 2.69351885e+01
 -7.08099708e+00 -2.97383507e+01 2.69875659e+01
 -7.01174143e+00 -2.97406077e+01 2.70398547e+01
 -6.94256554e+00 -2.97428693e+01 2.70922497e+01
 -6.87345191e+00 -2.97451438e+01 2.71449449e+01
 -6.80438377e+00 -2.97474396e+01 2.71981335e+01
 -6.73534508e+00 -2.97497651e+01 2.72520077e+01
 -6.67101854e+00 -2.97498524e+01 2.72540323e+01
 -6.60196760e+00 -2.97522524e+01 2.73096343e+01
 -6.53295355e+00 -2.97546813e+01 2.73659042e+01
 -6.46399080e+00 -2.97571326e+01 2.74226957e+01
 -6.39509316e+00 -2.97596002e+01 2.74798629e+01
 -6.32627392e+00 -2.97620777e+01 2.75372607e+01
 -6.25754580e+00 -2.97645589e+01 2.75947446e+01
 -6.18892097e+00 -2.97670376e+01 2.76521708e+01
 -6.12041105e+00 -2.97695077e+01 2.77093963e+01
 -6.05202711e+00 -2.97719630e+01 2.77662787e+01
 -5.98377969e+00 -2.97743973e+01 2.78226762e+01
 -5.91567877e+00 -2.97768046e+01 2.78784477e+01
 -5.84773382e+00 -2.97791789e+01 2.79334530e+01
 -5.77995376e+00 -2.97815140e+01 2.79875521e+01
 -5.71080762e+00 -2.97846657e+01 2.80605703e+01
 -5.64340139e+00 -2.97869034e+01 2.81124108e+01
 -5.57618680e+00 -2.97890821e+01 2.81628874e+01
 -5.50917376e+00 -2.97911943e+01 2.82118205e+01
 -5.44237149e+00 -2.97932321e+01 2.82590309e+01
 -5.37578857e+00 -2.97951878e+01 2.83043401e+01
 -5.30943292e+00 -2.97970538e+01 2.83475699e+01
 -5.24331184e+00 -2.97988223e+01 2.83885428e+01
 -5.17743198e+00 -2.98004858e+01 2.84270813e+01
 -5.11179938e+00 -2.98020365e+01 2.84630084e+01
 -5.04641946e+00 -2.98034669e+01 2.84961470e+01
 -4.98129702e+00 -2.98047693e+01 2.85263203e+01
 -4.91643628e+00 -2.98059361e+01 2.85533511e+01
 -4.85184084e+00 -2.98069596e+01 2.85770624e+01
 -4.78751374e+00 -2.98078321e+01 2.85972765e+01
 -4.72418442e+00 -2.98080576e+01 2.86025013e+01
 -4.66037777e+00 -2.98086142e+01 2.86153963e+01
 -4.59679557e+00 -2.98090311e+01 2.86250557e+01
 -4.53340127e+00 -2.98093282e+01 2.86319375e+01
 -4.47015989e+00 -2.98095251e+01 2.86364990e+01
 -4.40703809e+00 -2.98096415e+01 2.86391970e+01
 -4.34400410e+00 -2.98096973e+01 2.86404878e+01
 -4.28102772e+00 -2.98097119e+01 2.86408275e+01
 -4.21808034e+00 -2.98097052e+01 2.86406723e+01
 -4.15513490e+00 -2.98096969e+01 2.86404782e+01
 -4.09216589e+00 -2.98097065e+01 2.86407011e+01
 -4.02914939e+00 -2.98097538e+01 2.86417972e+01
 -3.96606304e+00 -2.98098585e+01 2.86442224e+01
 -3.90288603e+00 -2.98100402e+01 2.86484324e+01
 -3.83959916e+00 -2.98103186e+01 2.86548827e+01
 -3.77549911e+00 -2.98112891e+01 2.86773672e+01
 -3.71197655e+00 -2.98117994e+01 2.86891892e+01
 -3.64835982e+00 -2.98124091e+01 2.87033141e+01
 -3.58467497e+00 -2.98131004e+01 2.87193295e+01
 -3.52094663e+00 -2.98138555e+01 2.87368231e+01
 -3.45719802e+00 -2.98146566e+01 2.87553834e+01
 -3.39345087e+00 -2.98154861e+01 2.87745993e+01
 -3.32972553e+00 -2.98163261e+01 2.87940602e+01
 -3.26604087e+00 -2.98171590e+01 2.88133563e+01
 -3.20241435e+00 -2.98179671e+01 2.88320784e+01
 -3.13886200e+00 -2.98187328e+01 2.88498181e+01
 -3.07539842e+00 -2.98194385e+01 2.88661673e+01
 -3.01203679e+00 -2.98200666e+01 2.88807186e+01
 -2.94878888e+00 -2.98205995e+01 2.88930648e+01
 -2.88566508e+00 -2.98210197e+01 2.89027988e+01
 -2.82298694e+00 -2.98209595e+01 2.89014056e+01
 -2.76010690e+00 -2.98211279e+01 2.89053051e+01
 -2.69732700e+00 -2.98211867e+01 2.89066676e+01
 -2.63462873e+00 -2.98211504e+01 2.89058266e+01
 -2.57199472e+00 -2.98210333e+01 2.89031151e+01
 -2.50940875e+00 -2.98208499e+01 2.88988661e+01
 -2.44685576e+00 -2.98206145e+01 2.88934123e+01
 -2.38432181e+00 -2.98203415e+01 2.88870866e+01
 -2.32179410e+00 -2.98200452e+01 2.88802221e+01
 -2.25926097e+00 -2.98197400e+01 2.88731518e+01
 -2.19671190e+00 -2.98194404e+01 2.88662091e+01
 -2.13413751e+00 -2.98191606e+01 2.88597276e+01
 -2.07152953e+00 -2.98189151e+01 2.88540409e+01
 -2.00888087e+00 -2.98187184e+01 2.88494829e+01
 -1.94610806e+00 -2.98187107e+01 2.88493055e+01
 -1.88336652e+00 -2.98186500e+01 2.88478993e+01
 -1.82058565e+00 -2.98186535e+01 2.88479793e+01
 -1.75777670e+00 -2.98187077e+01 2.88492354e+01
 -1.69494988e+00 -2.98187993e+01 2.88513571e+01
 -1.63211433e+00 -2.98189149e+01 2.88540341e+01
 -1.56927811e+00 -2.98190410e+01 2.88569562e+01
 -1.50644825e+00 -2.98191643e+01 2.88598131e+01
 -1.44363067e+00 -2.98192714e+01 2.88622946e+01
 -1.38083027e+00 -2.98193490e+01 2.88640908e+01
 -1.31805085e+00 -2.98193835e+01 2.88648914e+01
 -1.25529518e+00 -2.98193617e+01 2.88643864e+01
 -1.19256494e+00 -2.98192702e+01 2.88622656e+01
 -1.12986078e+00 -2.98190955e+01 2.88582186e+01
 -1.06718225e+00 -2.98188243e+01 2.88519346e+01
 -1.00447866e+00 -2.98185981e+01 2.88466946e+01
 -9.41846439e-01 -2.98181020e+01 2.88352016e+01
 -8.79223386e-01 -2.98175021e+01 2.88213025e+01
 -8.16599970e-01 -2.98168112e+01 2.88052977e+01
 -7.53967689e-01 -2.98160425e+01 2.87874878e+01
 -6.91319070e-01 -2.98152088e+01 2.87681733e+01
 -6.28647666e-01 -2.98143232e+01 2.87476555e+01
 -5.65948059e-01 -2.98133986e+01 2.87262357e+01
 -5.03215863e-01 -2.98124482e+01 2.87042159e+01
 -4.40447721e-01 -2.98114849e+01 2.86818986e+01
 -3.77641310e-01 -2.98105218e+01 2.86595867e+01
 -3.14795344e-01 -2.98095721e+01 2.86375841e+01
 -2.51909576e-01 -2.98086489e+01 2.86161947e+01
 -1.88984798e-01 -2.98077652e+01 2.85957233e+01
 -1.26022846e-01 -2.98069344e+01 2.85764751e+01
 -6.30536759e-02 -2.98048057e+01 2.85271569e+01
 0.00000000e+00 -2.98041066e+01 2.85109625e+01
 6.30802983e-02 -2.98034644e+01 2.84960827e+01
 1.26184262e-01 -2.98028682e+01 2.84822714e+01
 1.89309778e-01 -2.98023076e+01 2.84692821e+01
 2.52455580e-01 -2.98017717e+01 2.84568681e+01
 3.15621246e-01 -2.98012501e+01 2.84447824e+01
 3.78807205e-01 -2.98007319e+01 2.84327776e+01
 4.42014732e-01 -2.98002065e+01 2.84206063e+01
 5.05245955e-01 -2.97996633e+01 2.84080207e+01
 5.68503851e-01 -2.97990915e+01 2.83947725e+01
 6.31792250e-01 -2.97984803e+01 2.83806136e+01
 6.95115838e-01 -2.97978191e+01 2.83652951e+01
 7.58480156e-01 -2.97970971e+01 2.83485680e+01
 8.21891604e-01 -2.97963035e+01 2.83301827e+01
 8.85095896e-01 -2.97963688e+01 2.83316950e+01
 9.48599562e-01 -2.97954199e+01 2.83097099e+01
 1.01216057e+00 -2.97944090e+01 2.82862897e+01
 1.07577816e+00 -2.97933493e+01 2.82617403e+01
 1.13945049e+00 -2.97922542e+01 2.82363687e+01
 1.20317468e+00 -2.97911368e+01 2.82104820e+01
 1.26694677e+00 -2.97900105e+01 2.81843882e+01
 1.33076175e+00 -2.97888886e+01 2.81583960e+01
 1.39461352e+00 -2.97877844e+01 2.81328146e+01
 1.45849492e+00 -2.97867113e+01 2.81079540e+01
 1.52239771e+00 -2.97856828e+01 2.80841248e+01
 1.58631258e+00 -2.97847122e+01 2.80616381e+01
 1.65022913e+00 -2.97838129e+01 2.80408055e+01
 1.71413590e+00 -2.97829986e+01 2.80219390e+01
 1.77824178e+00 -2.97818842e+01 2.79961201e+01
 1.84210020e+00 -2.97812765e+01 2.79820413e+01
 1.90592033e+00 -2.97807736e+01 2.79703912e+01
 1.96970026e+00 -2.97803685e+01 2.79610066e+01
 2.03343864e+00 -2.97800542e+01 2.79537238e+01
 2.09713471e+00 -2.97798235e+01 2.79483787e+01
 2.16078829e+00 -2.97796693e+01 2.79448071e+01
 2.22439974e+00 -2.97795846e+01 2.79428443e+01
 2.28797002e+00 -2.97795622e+01 2.79423253e+01
 2.35150065e+00 -2.97795950e+01 2.79430854e+01
 2.41499372e+00 -2.97796759e+01 2.79449593e+01
 2.47845187e+00 -2.97797977e+01 2.79477819e+01
 2.54187834e+00 -2.97799534e+01 2.79513881e+01
 2.60527690e+00 -2.97801357e+01 2.79556127e+01
 2.66865192e+00 -2.97803377e+01 2.79602905e+01
 2.73230222e+00 -2.97802076e+01 2.79572784e+01
 2.79564896e+00 -2.97804311e+01 2.79624557e+01
 2.85897539e+00 -2.97806674e+01 2.79679299e+01
 2.92227657e+00 -2.97809211e+01 2.79738068e+01
 2.98554720e+00 -2.97811967e+01 2.79801922e+01
 3.04878163e+00 -2.97814988e+01 2.79871921e+01
 3.11197383e+00 -2.97818321e+01 2.79949119e+01
 3.17511744e+00 -2.97822009e+01 2.80034573e+01
 3.23820572e+00 -2.97826100e+01 2.80129339e+01
 3.30123160e+00 -2.97830638e+01 2.80234468e+01
 3.36418763e+00 -2.97835668e+01 2.80351013e+01
 3.42706601e+00 -2.97841237e+01 2.80480024e+01
 3.48985861e+00 -2.97847389e+01 2.80622548e+01
 3.55255695e+00 -2.97854169e+01 2.80779632e+01
 3.61515217e+00 -2.97861623e+01 2.80952317e+01
 3.67674778e+00 -2.97877503e+01 2.81320215e+01
 3.73910464e+00 -2.97886344e+01 2.81525040e+01
 3.80136018e+00 -2.97895741e+01 2.81742749e+01
 3.86352595e+00 -2.97905571e+01 2.81970498e+01
 3.92561443e+00 -2.97915713e+01 2.82205450e+01
 3.98763906e+00 -2.97926043e+01 2.82444772e+01
 4.04961423e+00 -2.97936440e+01 2.82685636e+01
 4.11155526e+00 -2.97946781e+01 2.82925221e+01
 4.17347838e+00 -2.97956946e+01 2.83160711e+01
 4.23540080e+00 -2.97966812e+01 2.83389295e+01
 4.29734063e+00 -2.97976260e+01 2.83608167e+01
 4.35931691e+00 -2.97985167e+01 2.83814528e+01
 4.42134965e+00 -2.97993414e+01 2.84005581e+01
 4.48345976e+00 -2.98000879e+01 2.84178531e+01
 4.54566911e+00 -2.98007442e+01 2.84330589e+01
 4.60952332e+00 -2.98002474e+01 2.84215479e+01
 4.67199642e+00 -2.98007043e+01 2.84321327e+01
 4.73458633e+00 -2.98010705e+01 2.84406171e+01
 4.79728588e+00 -2.98013544e+01 2.84471945e+01
 4.86008725e+00 -2.98015643e+01 2.84520576e+01
 4.92298199e+00 -2.98017085e+01 2.84553989e+01
 4.98596098e+00 -2.98017954e+01 2.84574107e+01
 5.04901447e+00 -2.98018331e+01 2.84582851e+01
 5.11213207e+00 -2.98018301e+01 2.84582143e+01
 5.17530271e+00 -2.98017945e+01 2.84573902e+01
 5.23851468e+00 -2.98017347e+01 2.84560047e+01
 5.30175561e+00 -2.98016589e+01 2.84542498e+01
 5.36501246e+00 -2.98015755e+01 2.84523174e+01
 5.42827156e+00 -2.98014928e+01 2.84503996e+01
 5.49128927e+00 -2.98015517e+01 2.84517644e+01
 5.55450949e+00 -2.98014933e+01 2.84504122e+01
 5.61770516e+00 -2.98014501e+01 2.84494122e+01
 5.68087896e+00 -2.98014202e+01 2.84487181e+01
 5.74403371e+00 -2.98014014e+01 2.84482837e+01
 5.80717239e+00 -2.98013919e+01 2.84480625e+01
 5.87029815e+00 -2.98013896e+01 2.84480082e+01
 5.93341430e+00 -2.98013924e+01 2.84480745e+01
 5.99652429e+00 -2.98013985e+01 2.84482150e+01
 6.05963175e+00 -2.98014058e+01 2.84483834e+01
 6.12274046e+00 -2.98014122e+01 2.84485333e+01
 6.18585435e+00 -2.98014159e+01 2.84486184e+01
 6.24897753e+00 -2.98014148e+01 2.84485922e+01
 6.31211425e+00 -2.98014069e+01 2.84484086e+01
 6.37526893e+00 -2.98013901e+01 2.84480210e+01
 6.43847197e+00 -2.98013498e+01 2.84470877e+01
 6.50167172e+00 -2.98013120e+01 2.84462097e+01
 6.56488405e+00 -2.98012687e+01 2.84452074e+01
 6.62809771e+00 -2.98012256e+01 2.84442094e+01
 6.69130101e+00 -2.98011883e+01 2.84433443e+01
 6.75448183e+00 -2.98011622e+01 2.84427407e+01
 6.81762758e+00 -2.98011530e+01 2.84425272e+01
 6.88072527e+00 -2.98011662e+01 2.84428324e+01
 6.94376143e+00 -2.98012073e+01 2.84437848e+01
 7.00672218e+00 -2.98012819e+01 2.84455131e+01
 7.06959319e+00 -2.98013955e+01 2.84481457e+01
 7.13235971e+00 -2.98015538e+01 2.84518110e+01
 7.19500656e+00 -2.98017621e+01 2.84566374e+01
 7.25751811e+00 -2.98020261e+01 2.84627530e+01
 7.31987833e+00 -2.98023512e+01 2.84702859e+01
 7.38240034e+00 -2.98026011e+01 2.84760760e+01
 7.44445130e+00 -2.98030480e+01 2.84864275e+01
 7.50641391e+00 -2.98035247e+01 2.84974715e+01
 7.56834915e+00 -2.98040049e+01 2.85085977e+01
 7.63032003e+00 -2.98044624e+01 2.85191962e+01
 7.69239158e+00 -2.98048708e+01 2.85286578e+01
 7.75463089e+00 -2.98052038e+01 2.85363736e+01
 7.81710711e+00 -2.98054352e+01 2.85417349e+01
 7.87989147e+00 -2.98055388e+01 2.85441331e+01
 7.94305732e+00 -2.98054881e+01 2.85429593e+01
 8.00668019e+00 -2.98052569e+01 2.85376035e+01
 8.07083785e+00 -2.98048189e+01 2.85274548e+01
 8.13561036e+00 -2.98041475e+01 2.85119001e+01
 8.20108016e+00 -2.98032162e+01 2.84903240e+01
 8.26733216e+00 -2.98019983e+01 2.84621079e+01
 8.33481083e+00 -2.98003306e+01 2.84234724e+01
 8.40277702e+00 -2.97985034e+01 2.83811393e+01
 8.47154006e+00 -2.97964038e+01 2.83324971e+01
 8.54104280e+00 -2.97940592e+01 2.82781800e+01
 8.61122586e+00 -2.97914972e+01 2.82188228e+01
 8.68202749e+00 -2.97887450e+01 2.81550620e+01
 8.75338351e+00 -2.97858303e+01 2.80875362e+01
 8.82522723e+00 -2.97827808e+01 2.80168867e+01
 8.89748939e+00 -2.97796243e+01 2.79437578e+01
 8.97009808e+00 -2.97763887e+01 2.78687975e+01
 9.04297871e+00 -2.97731023e+01 2.77926577e+01
 9.11605395e+00 -2.97697932e+01 2.77159943e+01
 9.18924373e+00 -2.97664900e+01 2.76394674e+01
 9.26246515e+00 -2.97632214e+01 2.75637412e+01
 9.33035814e+00 -2.97618362e+01 2.75316513e+01
 9.40335579e+00 -2.97587204e+01 2.74594656e+01
 9.47622289e+00 -2.97556912e+01 2.73892851e+01
 9.54897157e+00 -2.97527426e+01 2.73209742e+01
 9.62161457e+00 -2.97498689e+01 2.72543964e+01
 9.69416523e+00 -2.97470640e+01 2.71894143e+01
 9.76663749e+00 -2.97443220e+01 2.71258892e+01
 9.83904587e+00 -2.97416369e+01 2.70636819e+01
 9.91140548e+00 -2.97390026e+01 2.70026521e+01
 9.98373203e+00 -2.97364131e+01 2.69426588e+01
 1.00560418e+01 -2.97338622e+01 2.68835600e+01
 1.01283517e+01 -2.97313437e+01 2.68252133e+01
 1.02006792e+01 -2.97288515e+01 2.67674752e+01
 1.02730423e+01 -2.97263794e+01 2.67102016e+01
 1.03454598e+01 -2.97239210e+01 2.66532477e+01
 1.04231451e+01 -2.97198447e+01 2.65588101e+01
 1.04957646e+01 -2.97173943e+01 2.65020381e+01
 1.05684852e+01 -2.97149426e+01 2.64452391e+01
 1.06413172e+01 -2.97124866e+01 2.63883390e+01
 1.07142716e+01 -2.97100230e+01 2.63312637e+01
 1.07873592e+01 -2.97075486e+01 2.62739385e+01
 1.08605916e+01 -2.97050602e+01 2.62162886e+01
 1.09339803e+01 -2.97025546e+01 2.61582387e+01
 1.10075374e+01 -2.97000284e+01 2.60997130e+01
 1.10812751e+01 -2.96974784e+01 2.60406355e+01
 1.11552061e+01 -2.96949013e+01 2.59809299e+01
 1.12293432e+01 -2.96922937e+01 2.59205193e+01
 1.13036998e+01 -2.96896524e+01 2.58593265e+01
 1.13782895e+01 -2.96869740e+01 2.57972739e+01
 1.14531260e+01 -2.96842551e+01 2.57342834e+01
 1.15233903e+01 -2.96828759e+01 2.57023322e+01
 1.15987306e+01 -2.96800675e+01 2.56372676e+01
 1.16743637e+01 -2.96772078e+01 2.55710145e+01
 1.17503063e+01 -2.96742929e+01 2.55034834e+01
 1.18265756e+01 -2.96713189e+01 2.54345841e+01
 1.19031892e+01 -2.96682820e+01 2.53642260e+01
 1.19801651e+01 -2.96651781e+01 2.52923175e+01
 1.20575217e+01 -2.96620034e+01 2.52187667e+01
 1.21352778e+01 -2.96587538e+01 2.51434809e+01
 1.22134528e+01 -2.96554253e+01 2.50663666e+01
 1.22920662e+01 -2.96520137e+01 2.49873296e+01
 1.23711383e+01 -2.96485151e+01 2.49062751e+01
 1.24506897e+01 -2.96449253e+01 2.48231072e+01
 1.25307415e+01 -2.96412400e+01 2.47377293e+01
 1.26113152e+01 -2.96374552e+01 2.46500438e+01
 1.26935045e+01 -2.96332838e+01 2.45534029e+01
 1.27751108e+01 -2.96293089e+01 2.44613131e+01
 1.28571224e+01 -2.96252693e+01 2.43677269e+01
 1.29394534e+01 -2.96211885e+01 2.42731834e+01
 1.30220155e+01 -2.96170897e+01 2.41782259e+01
 1.31047180e+01 -2.96129968e+01 2.40834019e+01
 1.31874673e+01 -2.96089334e+01 2.39892631e+01
 1.32701674e+01 -2.96049236e+01 2.38963653e+01
 1.33527196e+01 -2.96009915e+01 2.38052684e+01
 1.34350227e+01 -2.95971615e+01 2.37165363e+01
 1.35169729e+01 -2.95934580e+01 2.36307363e+01
 1.35984639e+01 -2.95899058e+01 2.35484394e+01
 1.36793869e+01 -2.95865295e+01 2.34702193e+01
 1.37596306e+01 -2.95833541e+01 2.33966527e+01
 1.38390815e+01 -2.95804045e+01 2.33283180e+01
