 -8.63482720e+00 -3.21894692e+01 2.63446476e+01
 -8.55335569e+00 -3.21931684e+01 2.64909744e+01
 -8.47429903e+00 -3.21963682e+01 2.66180187e+01
 -8.39740776e+00 -3.21991150e+01 2.67275754e+01
 -8.32244254e+00 -3.22014545e+01 2.68214033e+01
 -8.24917327e+00 -3.22034313e+01 2.69012320e+01
 -8.17737847e+00 -3.22050897e+01 2.69687666e+01
 -8.10684458e+00 -3.22064732e+01 2.70256924e+01
 -8.03736553e+00 -3.22076252e+01 2.70736792e+01
 -7.96874226e+00 -3.22085885e+01 2.71143846e+01
 -7.90078237e+00 -3.22094059e+01 2.71494566e+01
 -7.83329989e+00 -3.22101199e+01 2.71805359e+01
 -7.76611504e+00 -3.22107729e+01 2.72092580e+01
 -7.69905409e+00 -3.22114070e+01 2.72372536e+01
 -7.63151250e+00 -3.22121756e+01 2.72704340e+01
 -7.56436300e+00 -3.22128582e+01 2.73002984e+01
 -7.49714466e+00 -3.22135719e+01 2.73313601e+01
 -7.42985563e+00 -3.22143180e+01 2.73636686e+01
 -7.36249424e+00 -3.22150977e+01 2.73972734e+01
 -7.29505903e+00 -3.22159124e+01 2.74322237e+01
 -7.22754872e+00 -3.22167632e+01 2.74685682e+01
 -7.15996223e+00 -3.22176515e+01 2.75063557e+01
 -7.09229868e+00 -3.22185785e+01 2.75456345e+01
 -7.02455736e+00 -3.22195454e+01 2.75864525e+01
 -6.95673778e+00 -3.22205535e+01 2.76288575e+01
 -6.88883964e+00 -3.22216041e+01 2.76728968e+01
 -6.82086284e+00 -3.22226983e+01 2.77186175e+01
 -6.75345977e+00 -3.22236511e+01 2.77588831e+01
 -6.68535242e+00 -3.22248268e+01 2.78077448e+01
 -6.61723627e+00 -3.22260296e+01 2.78576447e+01
 -6.54914920e+00 -3.22272489e+01 2.79081843e+01
 -6.48112753e+00 -3.22284746e+01 2.79589662e+01
 -6.41320613e+00 -3.22296965e+01 2.80095950e+01
 -6.34541834e+00 -3.22309041e+01 2.80596769e+01
 -6.27779600e+00 -3.22320876e+01 2.81088198e+01
 -6.21036950e+00 -3.22332366e+01 2.81566332e+01
 -6.14316775e+00 -3.22343411e+01 2.82027279e+01
 -6.07621822e+00 -3.22353910e+01 2.82467163e+01
 -6.00954695e+00 -3.22363763e+01 2.82882119e+01
 -5.94317858e+00 -3.22372871e+01 2.83268293e+01
 -5.87455231e+00 -3.22389543e+01 2.83946154e+01
 -5.80887013e+00 -3.22396912e+01 2.84265230e+01
 -5.74351503e+00 -3.22403375e+01 2.84549366e+01
 -5.67848230e+00 -3.22408917e+01 2.84798007e+01
 -5.61376712e+00 -3.22413525e+01 2.85010588e+01
 -5.54936453e+00 -3.22417183e+01 2.85186541e+01
 -5.48526941e+00 -3.22419876e+01 2.85325287e+01
 -5.42147652e+00 -3.22421589e+01 2.85426240e+01
 -5.35798047e+00 -3.22422306e+01 2.85488806e+01
 -5.29477575e+00 -3.22422012e+01 2.85512381e+01
 -5.23185667e+00 -3.22420691e+01 2.85496354e+01
 -5.16921745e+00 -3.22418326e+01 2.85440101e+01
 -5.10685213e+00 -3.22414902e+01 2.85342989e+01
 -5.04503896e+00 -3.22409324e+01 2.85162889e+01
 -4.98317319e+00 -3.22403829e+01 2.84986000e+01
 -4.92149110e+00 -3.22397504e+01 2.84777090e+01
 -4.85994129e+00 -3.22390517e+01 2.84542702e+01
 -4.79847454e+00 -3.22383039e+01 2.84289389e+01
 -4.73704381e+00 -3.22375239e+01 2.84023715e+01
 -4.67560424e+00 -3.22367290e+01 2.83752257e+01
 -4.61411309e+00 -3.22359361e+01 2.83481607e+01
 -4.55252983e+00 -3.22351624e+01 2.83218372e+01
 -4.49081608e+00 -3.22344251e+01 2.82969174e+01
 -4.42893566e+00 -3.22337413e+01 2.82740646e+01
 -4.36685461e+00 -3.22331285e+01 2.82539435e+01
 -4.30454119e+00 -3.22326038e+01 2.82372192e+01
 -4.24242000e+00 -3.22319792e+01 2.82166468e+01
 -4.17957445e+00 -3.22316708e+01 2.82082614e+01
 -4.11649535e+00 -3.22314645e+01 2.82038118e+01
 -4.05321456e+00 -3.22313501e+01 2.82029015e+01
 -3.98976262e+00 -3.22313173e+01 2.82051333e+01
 -3.92616875e+00 -3.22313557e+01 2.82101092e+01
 -3.86246081e+00 -3.22314549e+01 2.82174309e+01
 -3.79866531e+00 -3.22316047e+01 2.82267000e+01
 -3.73480740e+00 -3.22317948e+01 2.82375181e+01
 -3.67091084e+00 -3.22320147e+01 2.82494869e+01
 -3.60699802e+00 -3.22322542e+01 2.82622085e+01
 -3.54308996e+00 -3.22325029e+01 2.82752854e+01
 -3.47920628e+00 -3.22327505e+01 2.82883205e+01
 -3.41517244e+00 -3.22330949e+01 2.83050838e+01
 -3.35138738e+00 -3.22333136e+01 2.83170012e+01
 -3.28765056e+00 -3.22335161e+01 2.83282939e+01
 -3.22395649e+00 -3.22337046e+01 2.83390510e+01
 -3.16030001e+00 -3.22338816e+01 2.83493611e+01
 -3.09667623e+00 -3.22340493e+01 2.83593130e+01
 -3.03308059e+00 -3.22342100e+01 2.83689950e+01
 -2.96950885e+00 -3.22343660e+01 2.83784958e+01
 -2.90595704e+00 -3.22345196e+01 2.83879038e+01
 -2.84242153e+00 -3.22346731e+01 2.83973073e+01
 -2.77889897e+00 -3.22348288e+01 2.84067945e+01
 -2.71538634e+00 -3.22349890e+01 2.84164537e+01
 -2.65188089e+00 -3.22351559e+01 2.84263730e+01
 -2.58818718e+00 -3.22354746e+01 2.84421360e+01
 -2.52469549e+00 -3.22356607e+01 2.84527919e+01
 -2.46121190e+00 -3.22358547e+01 2.84637519e+01
 -2.39774068e+00 -3.22360538e+01 2.84749085e+01
 -2.33428576e+00 -3.22362552e+01 2.84861544e+01
 -2.27085066e+00 -3.22364562e+01 2.84973822e+01
 -2.20743855e+00 -3.22366540e+01 2.85084848e+01
 -2.14405224e+00 -3.22368457e+01 2.85193551e+01
 -2.08069414e+00 -3.22370287e+01 2.85298863e+01
 -2.01736632e+00 -3.22372000e+01 2.85399713e+01
 -1.95407046e+00 -3.22373571e+01 2.85495034e+01
 -1.89080789e+00 -3.22374970e+01 2.85583758e+01
 -1.82757956e+00 -3.22376170e+01 2.85664819e+01
 -1.76431464e+00 -3.22377916e+01 2.85766921e+01
 -1.70115821e+00 -3.22378642e+01 2.85829690e+01
 -1.63803356e+00 -3.22379121e+01 2.85883016e+01
 -1.57493753e+00 -3.22379365e+01 2.85927253e+01
 -1.51186703e+00 -3.22379382e+01 2.85962751e+01
 -1.44881915e+00 -3.22379181e+01 2.85989861e+01
 -1.38579107e+00 -3.22378772e+01 2.86008934e+01
 -1.32278008e+00 -3.22378162e+01 2.86020319e+01
 -1.25978362e+00 -3.22377362e+01 2.86024366e+01
 -1.19679923e+00 -3.22376380e+01 2.86021424e+01
 -1.13382457e+00 -3.22375226e+01 2.86011841e+01
 -1.07085744e+00 -3.22373909e+01 2.85995967e+01
 -1.00789573e+00 -3.22372436e+01 2.85974148e+01
 -9.44937480e-01 -3.22370819e+01 2.85946734e+01
 -8.81959206e-01 -3.22369533e+01 2.85932096e+01
 -8.19002449e-01 -3.22367687e+01 2.85895886e+01
 -7.56041529e-01 -3.22365789e+01 2.85857690e+01
 -6.93074318e-01 -3.22363884e+01 2.85819225e+01
 -6.30099274e-01 -3.22362017e+01 2.85782210e+01
 -5.67115446e-01 -3.22360232e+01 2.85748361e+01
 -5.04122469e-01 -3.22358574e+01 2.85719399e+01
 -4.41120569e-01 -3.22357088e+01 2.85697042e+01
 -3.78110558e-01 -3.22355817e+01 2.85683008e+01
 -3.15093842e-01 -3.22354808e+01 2.85679017e+01
 -2.52072410e-01 -3.22354105e+01 2.85686787e+01
 -1.89048846e-01 -3.22353752e+01 2.85708036e+01
 -1.26026320e-01 -3.22353793e+01 2.85744480e+01
 -6.30008044e-02 -3.22356636e+01 2.85888695e+01
 0.00000000e+00 -3.22357433e+01 2.85954175e+01
 6.29890233e-02 -3.22358400e+01 2.86026206e+01
 1.25965637e-01 -3.22359378e+01 2.86098630e+01
 1.88931322e-01 -3.22360205e+01 2.86165292e+01
 2.51889667e-01 -3.22360724e+01 2.86220041e+01
 3.14846368e-01 -3.22360772e+01 2.86256729e+01
 3.77809227e-01 -3.22360192e+01 2.86269208e+01
 4.40788155e-01 -3.22358822e+01 2.86251326e+01
 5.03795177e-01 -3.22356502e+01 2.86196927e+01
 5.66844432e-01 -3.22353073e+01 2.86099842e+01
 6.29952190e-01 -3.22348373e+01 2.85953890e+01
 6.93136857e-01 -3.22342241e+01 2.85752864e+01
 7.56546279e-01 -3.22331296e+01 2.85366728e+01
 8.19948029e-01 -3.22322074e+01 2.85046887e+01
 8.83463846e-01 -3.22311566e+01 2.84677635e+01
 9.47095143e-01 -3.22300002e+01 2.84267757e+01
 1.01084030e+00 -3.22287610e+01 2.83826055e+01
 1.07469462e+00 -3.22274619e+01 2.83361358e+01
 1.13865038e+00 -3.22261260e+01 2.82882523e+01
 1.20269672e+00 -3.22247765e+01 2.82398444e+01
 1.26681969e+00 -3.22234364e+01 2.81918050e+01
 1.33100221e+00 -3.22221291e+01 2.81450305e+01
 1.39522408e+00 -3.22208781e+01 2.81004209e+01
 1.45946194e+00 -3.22197069e+01 2.80588793e+01
 1.52368926e+00 -3.22186389e+01 2.80213114e+01
 1.58801772e+00 -3.22175263e+01 2.79820271e+01
 1.65215352e+00 -3.22167171e+01 2.79544141e+01
 1.71622738e+00 -3.22160308e+01 2.79315238e+01
 1.78023705e+00 -3.22154566e+01 2.79129442e+01
 1.84418175e+00 -3.22149837e+01 2.78982614e+01
 1.90806212e+00 -3.22146013e+01 2.78870600e+01
 1.97188030e+00 -3.22142987e+01 2.78789231e+01
 2.03563985e+00 -3.22140649e+01 2.78734331e+01
 2.09934580e+00 -3.22138890e+01 2.78701718e+01
 2.16300462e+00 -3.22137603e+01 2.78687203e+01
 2.22662423e+00 -3.22136677e+01 2.78686595e+01
 2.29021398e+00 -3.22136004e+01 2.78695701e+01
 2.35378466e+00 -3.22135475e+01 2.78710329e+01
 2.41734603e+00 -3.22135000e+01 2.78727050e+01
 2.48091063e+00 -3.22134477e+01 2.78741945e+01
 2.54447684e+00 -3.22133923e+01 2.78755627e+01
 2.60804476e+00 -3.22133339e+01 2.78768151e+01
 2.67161451e+00 -3.22132727e+01 2.78779574e+01
 2.73518614e+00 -3.22132087e+01 2.78789954e+01
 2.79875972e+00 -3.22131421e+01 2.78799345e+01
 2.86233528e+00 -3.22130731e+01 2.78807805e+01
 2.92591284e+00 -3.22130019e+01 2.78815390e+01
 2.98949239e+00 -3.22129285e+01 2.78822156e+01
 3.05307392e+00 -3.22128532e+01 2.78828160e+01
 3.11665739e+00 -3.22127760e+01 2.78833458e+01
 3.18024273e+00 -3.22126971e+01 2.78838107e+01
 3.24370535e+00 -3.22126908e+01 2.78870658e+01
 3.30729167e+00 -3.22126090e+01 2.78874193e+01
 3.37087932e+00 -3.22125261e+01 2.78877302e+01
 3.43446793e+00 -3.22124424e+01 2.78880087e+01
 3.49805712e+00 -3.22123581e+01 2.78882648e+01
 3.56164647e+00 -3.22122734e+01 2.78885084e+01
 3.62523552e+00 -3.22121887e+01 2.78887497e+01
 3.68882377e+00 -3.22121042e+01 2.78889987e+01
 3.75241069e+00 -3.22120202e+01 2.78892654e+01
 3.81599574e+00 -3.22119368e+01 2.78895599e+01
 3.87957830e+00 -3.22118545e+01 2.78898922e+01
 3.94315776e+00 -3.22117734e+01 2.78902723e+01
 4.00673343e+00 -3.22116938e+01 2.78907103e+01
 4.07036351e+00 -3.22115881e+01 2.78901425e+01
 4.13393128e+00 -3.22115119e+01 2.78907109e+01
 4.19749726e+00 -3.22114361e+01 2.78912939e+01
 4.26106458e+00 -3.22113592e+01 2.78918362e+01
 4.32463655e+00 -3.22112798e+01 2.78922827e+01
 4.38821669e+00 -3.22111966e+01 2.78925779e+01
 4.45180870e+00 -3.22111079e+01 2.78926669e+01
 4.51541647e+00 -3.22110124e+01 2.78924942e+01
 4.57904408e+00 -3.22109087e+01 2.78920047e+01
 4.64269580e+00 -3.22107953e+01 2.78911431e+01
 4.70637608e+00 -3.22106707e+01 2.78898542e+01
 4.77008959e+00 -3.22105336e+01 2.78880827e+01
 4.83384115e+00 -3.22103825e+01 2.78857734e+01
 4.89739821e+00 -3.22103097e+01 2.78864724e+01
 4.96123545e+00 -3.22101272e+01 2.78829608e+01
 5.02511042e+00 -3.22099326e+01 2.78789806e+01
 5.08901197e+00 -3.22097304e+01 2.78747121e+01
 5.15292834e+00 -3.22095254e+01 2.78703354e+01
 5.21684716e+00 -3.22093223e+01 2.78660307e+01
 5.28075541e+00 -3.22091258e+01 2.78619783e+01
 5.34463947e+00 -3.22089405e+01 2.78583584e+01
 5.40848510e+00 -3.22087711e+01 2.78553516e+01
 5.47227741e+00 -3.22086225e+01 2.78531383e+01
 5.53600094e+00 -3.22084992e+01 2.78518987e+01
 5.59963957e+00 -3.22084059e+01 2.78518134e+01
 5.66317659e+00 -3.22083475e+01 2.78530625e+01
 5.72659467e+00 -3.22083285e+01 2.78558264e+01
 5.79076991e+00 -3.22080549e+01 2.78488178e+01
 5.85393750e+00 -3.22081183e+01 2.78547459e+01
 5.91699275e+00 -3.22082151e+01 2.78619563e+01
 5.97995107e+00 -3.22083393e+01 2.78702170e+01
 6.04282864e+00 -3.22084849e+01 2.78792959e+01
 6.10564242e+00 -3.22086457e+01 2.78889612e+01
 6.16841018e+00 -3.22088158e+01 2.78989810e+01
 6.23115045e+00 -3.22089891e+01 2.79091238e+01
 6.29388252e+00 -3.22091596e+01 2.79191583e+01
 6.35662649e+00 -3.22093212e+01 2.79288532e+01
 6.41940322e+00 -3.22094680e+01 2.79379776e+01
 6.48223433e+00 -3.22095940e+01 2.79463007e+01
 6.54514226e+00 -3.22096930e+01 2.79535917e+01
 6.60738561e+00 -3.22099828e+01 2.79682013e+01
 6.67048809e+00 -3.22100164e+01 2.79729822e+01
 6.73369126e+00 -3.22100188e+01 2.79765641e+01
 6.79699188e+00 -3.22099918e+01 2.79790160e+01
 6.86038647e+00 -3.22099371e+01 2.79804070e+01
 6.92387132e+00 -3.22098566e+01 2.79808058e+01
 6.98744251e+00 -3.22097520e+01 2.79802813e+01
 7.05109586e+00 -3.22096251e+01 2.79789021e+01
 7.11482699e+00 -3.22094777e+01 2.79767371e+01
 7.17863127e+00 -3.22093117e+01 2.79738548e+01
 7.24250383e+00 -3.22091287e+01 2.79703240e+01
 7.30643958e+00 -3.22089306e+01 2.79662132e+01
 7.37043319e+00 -3.22087192e+01 2.79615911e+01
 7.43771423e+00 -3.22076549e+01 2.79242519e+01
 7.50184717e+00 -3.22074188e+01 2.79186854e+01
 7.56605136e+00 -3.22071669e+01 2.79125137e+01
 7.63034026e+00 -3.22068963e+01 2.79056209e+01
 7.69472775e+00 -3.22066038e+01 2.78978911e+01
 7.75922810e+00 -3.22062864e+01 2.78892082e+01
 7.82385600e+00 -3.22059411e+01 2.78794560e+01
 7.88862657e+00 -3.22055650e+01 2.78685181e+01
 7.95355534e+00 -3.22051548e+01 2.78562781e+01
 8.01865826e+00 -3.22047077e+01 2.78426191e+01
 8.08395170e+00 -3.22042204e+01 2.78274242e+01
 8.14945247e+00 -3.22036901e+01 2.78105759e+01
 8.21517784e+00 -3.22031135e+01 2.77919568e+01
 8.28003292e+00 -3.22027482e+01 2.77814381e+01
 8.34622877e+00 -3.22020755e+01 2.77591337e+01
 8.41263844e+00 -3.22013623e+01 2.77352764e+01
 8.47923590e+00 -3.22006154e+01 2.77101298e+01
 8.54599414e+00 -3.21998418e+01 2.76839581e+01
 8.61288521e+00 -3.21990482e+01 2.76570257e+01
 8.67988016e+00 -3.21982418e+01 2.76295977e+01
 8.74694909e+00 -3.21974293e+01 2.76019399e+01
 8.81406111e+00 -3.21966177e+01 2.75743184e+01
 8.88118433e+00 -3.21958140e+01 2.75470004e+01
 8.94828588e+00 -3.21950251e+01 2.75202533e+01
 9.01533191e+00 -3.21942581e+01 2.74943451e+01
 9.08228757e+00 -3.21935199e+01 2.74695447e+01
 9.14709715e+00 -3.21932478e+01 2.74626083e+01
 9.21378351e+00 -3.21925812e+01 2.74405555e+01
 9.28038385e+00 -3.21919407e+01 2.74194995e+01
 9.34694556e+00 -3.21913157e+01 2.73990407e+01
 9.41351750e+00 -3.21906958e+01 2.73787789e+01
 9.48015000e+00 -3.21900706e+01 2.73583134e+01
 9.54689484e+00 -3.21894295e+01 2.73372426e+01
 9.61380528e+00 -3.21887622e+01 2.73151641e+01
 9.68093604e+00 -3.21880580e+01 2.72916750e+01
 9.74834336e+00 -3.21873064e+01 2.72663712e+01
 9.81608498e+00 -3.21864969e+01 2.72388479e+01
 9.88422021e+00 -3.21856188e+01 2.72086986e+01
 9.95280992e+00 -3.21846616e+01 2.71755160e+01
 1.00241840e+01 -3.21831718e+01 2.71219256e+01
 1.00938660e+01 -3.21820280e+01 2.70815982e+01
 1.01641076e+01 -3.21807896e+01 2.70376461e+01
 1.02349046e+01 -3.21794592e+01 2.69901706e+01
 1.03062521e+01 -3.21780394e+01 2.69392727e+01
 1.03781449e+01 -3.21765328e+01 2.68850532e+01
 1.04505777e+01 -3.21749422e+01 2.68276126e+01
 1.05235447e+01 -3.21732700e+01 2.67670512e+01
 1.05970399e+01 -3.21715189e+01 2.67034694e+01
 1.06710568e+01 -3.21696915e+01 2.66369673e+01
 1.07455887e+01 -3.21677904e+01 2.65676455e+01
 1.08206285e+01 -3.21658183e+01 2.64956042e+01
 1.08961686e+01 -3.21637777e+01 2.64209443e+01
 1.09739422e+01 -3.21613575e+01 2.63317423e+01
 1.10504644e+01 -3.21591888e+01 2.62521816e+01
 1.11274244e+01 -3.21569663e+01 2.61705629e+01
 1.12047786e+01 -3.21546986e+01 2.60872189e+01
 1.12824816e+01 -3.21523945e+01 2.60024843e+01
 1.13604869e+01 -3.21500629e+01 2.59166961e+01
 1.14387463e+01 -3.21477124e+01 2.58301937e+01
 1.15172101e+01 -3.21453522e+01 2.57433188e+01
 1.15958270e+01 -3.21429910e+01 2.56564157e+01
 1.16745442e+01 -3.21406381e+01 2.55698310e+01
 1.17533074e+01 -3.21383025e+01 2.54839139e+01
 1.18320607e+01 -3.21359934e+01 2.53990160e+01
 1.19107465e+01 -3.21337201e+01 2.53154912e+01
 1.19893058e+01 -3.21314918e+01 2.52336959e+01
