 -1.00963107e+01 -3.48441358e+01 2.70634225e+01
 -1.00336659e+01 -3.48440429e+01 2.70509803e+01
 -9.96974564e+00 -3.48440206e+01 2.70479825e+01
 -9.90468093e+00 -3.48440627e+01 2.70536198e+01
 -9.83860067e+00 -3.48441631e+01 2.70670783e+01
 -9.77163139e+00 -3.48443159e+01 2.70875407e+01
 -9.70389705e+00 -3.48445149e+01 2.71141880e+01
 -9.63551890e+00 -3.48447539e+01 2.71462004e+01
 -9.56661539e+00 -3.48450268e+01 2.71827580e+01
 -9.49730200e+00 -3.48453276e+01 2.72230422e+01
 -9.42769119e+00 -3.48456501e+01 2.72662360e+01
 -9.35789236e+00 -3.48459882e+01 2.73115247e+01
 -9.28801176e+00 -3.48463359e+01 2.73580964e+01
 -9.21815247e+00 -3.48466872e+01 2.74051421e+01
 -9.14841444e+00 -3.48470360e+01 2.74518560e+01
 -9.07889446e+00 -3.48473763e+01 2.74974355e+01
 -9.01025744e+00 -3.48476668e+01 2.75363523e+01
 -8.94130461e+00 -3.48479812e+01 2.75784581e+01
 -8.87258495e+00 -3.48482855e+01 2.76192116e+01
 -8.80405522e+00 -3.48485822e+01 2.76589493e+01
 -8.73567344e+00 -3.48488738e+01 2.76980067e+01
 -8.66739891e+00 -3.48491628e+01 2.77367180e+01
 -8.59919222e+00 -3.48494517e+01 2.77754162e+01
 -8.53101522e+00 -3.48497430e+01 2.78144334e+01
 -8.46283102e+00 -3.48500392e+01 2.78541004e+01
 -8.39460400e+00 -3.48503427e+01 2.78947472e+01
 -8.32629979e+00 -3.48506559e+01 2.79367022e+01
 -8.25788531e+00 -3.48509814e+01 2.79802928e+01
 -8.18932873e+00 -3.48513215e+01 2.80258450e+01
 -8.12059951e+00 -3.48516786e+01 2.80736832e+01
 -8.05166841e+00 -3.48520553e+01 2.81241302e+01
 -7.98027054e+00 -3.48526085e+01 2.81982293e+01
 -7.91096906e+00 -3.48530244e+01 2.82539383e+01
 -7.84157056e+00 -3.48534539e+01 2.83114590e+01
 -7.77214659e+00 -3.48538921e+01 2.83701569e+01
 -7.70276617e+00 -3.48543345e+01 2.84294002e+01
 -7.63349586e+00 -3.48547762e+01 2.84885608e+01
 -7.56439972e+00 -3.48552126e+01 2.85470131e+01
 -7.49553937e+00 -3.48556391e+01 2.86041351e+01
 -7.42697398e+00 -3.48560510e+01 2.86593076e+01
 -7.35876035e+00 -3.48564438e+01 2.87119140e+01
 -7.29095289e+00 -3.48568128e+01 2.87613404e+01
 -7.22360374e+00 -3.48571535e+01 2.88069747e+01
 -7.15676276e+00 -3.48574613e+01 2.88482065e+01
 -7.09047764e+00 -3.48577318e+01 2.88844265e+01
 -7.02479391e+00 -3.48579602e+01 2.89150258e+01
 -6.95949334e+00 -3.48581627e+01 2.89421473e+01
 -6.89505399e+00 -3.48583007e+01 2.89606234e+01
 -6.83115403e+00 -3.48583980e+01 2.89736626e+01
 -6.76772984e+00 -3.48584588e+01 2.89818012e+01
 -6.70471987e+00 -3.48584869e+01 2.89855735e+01
 -6.64206450e+00 -3.48584865e+01 2.89855123e+01
 -6.57970604e+00 -3.48584614e+01 2.89821492e+01
 -6.51758868e+00 -3.48584156e+01 2.89760156e+01
 -6.45565847e+00 -3.48583531e+01 2.89676422e+01
 -6.39386324e+00 -3.48582778e+01 2.89575598e+01
 -6.33215267e+00 -3.48581937e+01 2.89462995e+01
 -6.27047818e+00 -3.48581049e+01 2.89343928e+01
 -6.20879300e+00 -3.48580151e+01 2.89223716e+01
 -6.14705212e+00 -3.48579285e+01 2.89107685e+01
 -6.08521232e+00 -3.48578490e+01 2.89001164e+01
 -6.02293962e+00 -3.48578071e+01 2.88945059e+01
 -5.96082083e+00 -3.48577502e+01 2.88868862e+01
 -5.89857104e+00 -3.48577042e+01 2.88807311e+01
 -5.83620346e+00 -3.48576683e+01 2.88759219e+01
 -5.77373095e+00 -3.48576416e+01 2.88723395e+01
 -5.71116595e+00 -3.48576231e+01 2.88698647e+01
 -5.64852049e+00 -3.48576120e+01 2.88683784e+01
 -5.58580621e+00 -3.48576074e+01 2.88677612e+01
 -5.52303436e+00 -3.48576084e+01 2.88678936e+01
 -5.46021576e+00 -3.48576141e+01 2.88686563e+01
 -5.39736083e+00 -3.48576236e+01 2.88699298e+01
 -5.33447959e+00 -3.48576360e+01 2.88715945e+01
 -5.27158163e+00 -3.48576505e+01 2.88735312e+01
 -5.20867616e+00 -3.48576661e+01 2.88756202e+01
 -5.14577194e+00 -3.48576820e+01 2.88777423e+01
 -5.08294652e+00 -3.48576897e+01 2.88787813e+01
 -5.02005915e+00 -3.48577044e+01 2.88807502e+01
 -4.95717342e+00 -3.48577193e+01 2.88827446e+01
 -4.89428260e+00 -3.48577352e+01 2.88848665e+01
 -4.83138027e+00 -3.48577527e+01 2.88872179e+01
 -4.76846038e+00 -3.48577727e+01 2.88899008e+01
 -4.70551723e+00 -3.48577960e+01 2.88930173e+01
 -4.64254547e+00 -3.48578233e+01 2.88966692e+01
 -4.57954011e+00 -3.48578553e+01 2.89009585e+01
 -4.51649650e+00 -3.48578929e+01 2.89059871e+01
 -4.45341035e+00 -3.48579367e+01 2.89118565e+01
 -4.39027773e+00 -3.48579876e+01 2.89186686e+01
 -4.32709505e+00 -3.48580462e+01 2.89265249e+01
 -4.26385909e+00 -3.48581134e+01 2.89355268e+01
 -4.20056699e+00 -3.48581899e+01 2.89457756e+01
 -4.13651822e+00 -3.48583687e+01 2.89697167e+01
 -4.07313164e+00 -3.48584642e+01 2.89825032e+01
 -4.00972081e+00 -3.48585659e+01 2.89961317e+01
 -3.94630788e+00 -3.48586712e+01 2.90102318e+01
 -3.88291371e+00 -3.48587772e+01 2.90244335e+01
 -3.81955787e+00 -3.48588813e+01 2.90383674e+01
 -3.75625865e+00 -3.48589805e+01 2.90516645e+01
 -3.69303302e+00 -3.48590723e+01 2.90639561e+01
 -3.62989672e+00 -3.48591538e+01 2.90748740e+01
 -3.56686419e+00 -3.48592223e+01 2.90840501e+01
 -3.50394860e+00 -3.48592751e+01 2.90911165e+01
 -3.44116186e+00 -3.48593094e+01 2.90957053e+01
 -3.37851465e+00 -3.48593224e+01 2.90974482e+01
 -3.31601638e+00 -3.48593114e+01 2.90959767e+01
 -3.25367524e+00 -3.48592737e+01 2.90909216e+01
 -3.19198417e+00 -3.48591234e+01 2.90707903e+01
 -3.12994878e+00 -3.48590271e+01 2.90578918e+01
 -3.06803200e+00 -3.48589057e+01 2.90416412e+01
 -3.00620146e+00 -3.48587637e+01 2.90226166e+01
 -2.94442673e+00 -3.48586053e+01 2.90013964e+01
 -2.88267934e+00 -3.48584348e+01 2.89785598e+01
 -2.82093278e+00 -3.48582565e+01 2.89546869e+01
 -2.75916246e+00 -3.48580749e+01 2.89303590e+01
 -2.69734576e+00 -3.48578942e+01 2.89061584e+01
 -2.63546202e+00 -3.48577189e+01 2.88826686e+01
 -2.57349252e+00 -3.48575532e+01 2.88604745e+01
 -2.51142052e+00 -3.48574015e+01 2.88401617e+01
 -2.44923125e+00 -3.48572683e+01 2.88223170e+01
 -2.38691194e+00 -3.48571579e+01 2.88075273e+01
 -2.32445183e+00 -3.48570746e+01 2.87963801e+01
 -2.26225690e+00 -3.48569226e+01 2.87760154e+01
 -2.19949124e+00 -3.48569040e+01 2.87735208e+01
 -2.13660311e+00 -3.48569156e+01 2.87750836e+01
 -2.07361496e+00 -3.48569544e+01 2.87802787e+01
 -2.01054780e+00 -3.48570172e+01 2.87886807e+01
 -1.94742117e+00 -3.48571007e+01 2.87998637e+01
 -1.88425319e+00 -3.48572017e+01 2.88134015e+01
 -1.82106048e+00 -3.48573172e+01 2.88288680e+01
 -1.75785821e+00 -3.48574439e+01 2.88458375e+01
 -1.69466009e+00 -3.48575787e+01 2.88638847e+01
 -1.63147836e+00 -3.48577183e+01 2.88825849e+01
 -1.56832376e+00 -3.48578596e+01 2.89015139e+01
 -1.50520560e+00 -3.48579995e+01 2.89202483e+01
 -1.44213170e+00 -3.48581348e+01 2.89383654e+01
 -1.37910844e+00 -3.48582623e+01 2.89554430e+01
 -1.31596417e+00 -3.48584521e+01 2.89808728e+01
 -1.25306087e+00 -3.48585560e+01 2.89947828e+01
 -1.19020762e+00 -3.48586478e+01 2.90070819e+01
 -1.12739824e+00 -3.48587286e+01 2.90179027e+01
 -1.06462702e+00 -3.48587993e+01 2.90273770e+01
 -1.00188868e+00 -3.48588610e+01 2.90356368e+01
 -9.39178406e-01 -3.48589146e+01 2.90428135e+01
 -8.76491845e-01 -3.48589611e+01 2.90490387e+01
 -8.13825087e-01 -3.48590014e+01 2.90544437e+01
 -7.51174673e-01 -3.48590367e+01 2.90591596e+01
 -6.88537598e-01 -3.48590677e+01 2.90633176e+01
 -6.25911304e-01 -3.48590956e+01 2.90670488e+01
 -5.63293686e-01 -3.48591212e+01 2.90704841e+01
 -5.00683084e-01 -3.48591456e+01 2.90737545e+01
 -4.38078289e-01 -3.48591698e+01 2.90769908e+01
 -3.75440697e-01 -3.48592497e+01 2.90876864e+01
 -3.12852461e-01 -3.48592754e+01 2.90911382e+01
 -2.50270557e-01 -3.48593003e+01 2.90944681e+01
 -1.87695395e-01 -3.48593222e+01 2.90973952e+01
 -1.25126419e-01 -3.48593389e+01 2.90996389e+01
 -6.25621132e-02 -3.48593485e+01 2.91009183e+01
 0.00000000e+00 -3.48593487e+01 2.91009527e+01
 6.25633615e-02 -3.48593376e+01 2.90994613e+01
 1.25132375e-01 -3.48593130e+01 2.90961630e+01
 1.87712406e-01 -3.48592728e+01 2.90907765e+01
 2.50309789e-01 -3.48592149e+01 2.90830201e+01
 3.12931822e-01 -3.48591371e+01 2.90726118e+01
 3.75586776e-01 -3.48590375e+01 2.90592686e+01
 4.38283897e-01 -3.48589139e+01 2.90427067e+01
 5.01033407e-01 -3.48587641e+01 2.90226415e+01
 5.64060238e-01 -3.48583790e+01 2.89710691e+01
 6.26971542e-01 -3.48581717e+01 2.89432958e+01
 6.89963166e-01 -3.48579384e+01 2.89120494e+01
 7.53038509e-01 -3.48576832e+01 2.88778675e+01
 8.16199117e-01 -3.48574101e+01 2.88412887e+01
 8.79444675e-01 -3.48571231e+01 2.88028530e+01
 9.42772997e-01 -3.48568263e+01 2.87631018e+01
 1.00618002e+00 -3.48565238e+01 2.87225782e+01
 1.06965979e+00 -3.48562196e+01 2.86818273e+01
 1.13320446e+00 -3.48559177e+01 2.86413958e+01
 1.19680427e+00 -3.48556223e+01 2.86018326e+01
 1.26044756e+00 -3.48553375e+01 2.85636881e+01
 1.32412076e+00 -3.48550675e+01 2.85275147e+01
 1.38780834e+00 -3.48548162e+01 2.84938661e+01
 1.45149290e+00 -3.48545880e+01 2.84632973e+01
 1.51451941e+00 -3.48546177e+01 2.84672794e+01
 1.57811439e+00 -3.48544469e+01 2.84444016e+01
 1.64166310e+00 -3.48543048e+01 2.84253605e+01
 1.70516389e+00 -3.48541886e+01 2.84098021e+01
 1.76861631e+00 -3.48540958e+01 2.83973711e+01
 1.83202119e+00 -3.48540237e+01 2.83877110e+01
 1.89538057e+00 -3.48539696e+01 2.83804649e+01
 1.95869777e+00 -3.48539308e+01 2.83752747e+01
 2.02197731e+00 -3.48539048e+01 2.83717824e+01
 2.08522498e+00 -3.48538887e+01 2.83696292e+01
 2.14844778e+00 -3.48538800e+01 2.83684563e+01
 2.21165395e+00 -3.48538758e+01 2.83679050e+01
 2.27485297e+00 -3.48538737e+01 2.83676161e+01
 2.33805555e+00 -3.48538708e+01 2.83672308e+01
 2.40127361e+00 -3.48538645e+01 2.83663900e+01
 2.46452034e+00 -3.48538522e+01 2.83647346e+01
 2.52810043e+00 -3.48537678e+01 2.83534342e+01
 2.59143468e+00 -3.48537398e+01 2.83496836e+01
 2.65480307e+00 -3.48537061e+01 2.83451630e+01
 2.71819923e+00 -3.48536683e+01 2.83400987e+01
 2.78161604e+00 -3.48536281e+01 2.83347169e+01
 2.84504557e+00 -3.48535872e+01 2.83292443e+01
 2.90847914e+00 -3.48535474e+01 2.83239074e+01
 2.97190725e+00 -3.48535102e+01 2.83189328e+01
 3.03531966e+00 -3.48534775e+01 2.83145475e+01
 3.09870533e+00 -3.48534509e+01 2.83109781e+01
 3.16205244e+00 -3.48534320e+01 2.83084517e+01
 3.22534840e+00 -3.48534226e+01 2.83071950e+01
 3.28857984e+00 -3.48534244e+01 2.83074348e+01
 3.35173262e+00 -3.48534391e+01 2.83093979e+01
 3.41479184e+00 -3.48534683e+01 2.83133107e+01
 3.47750509e+00 -3.48535513e+01 2.83244234e+01
 3.54034632e+00 -3.48536114e+01 2.83324717e+01
 3.60308789e+00 -3.48536846e+01 2.83422782e+01
 3.66573764e+00 -3.48537691e+01 2.83535947e+01
 3.72830421e+00 -3.48538630e+01 2.83661730e+01
 3.79079712e+00 -3.48539645e+01 2.83797650e+01
 3.85322672e+00 -3.48540717e+01 2.83941228e+01
 3.91560418e+00 -3.48541827e+01 2.84089990e+01
 3.97794153e+00 -3.48542958e+01 2.84241462e+01
 4.04025160e+00 -3.48544091e+01 2.84393174e+01
 4.10254808e+00 -3.48545207e+01 2.84542660e+01
 4.16484545e+00 -3.48546288e+01 2.84687456e+01
 4.22715907e+00 -3.48547316e+01 2.84825102e+01
 4.28950507e+00 -3.48548272e+01 2.84953140e+01
 4.35190044e+00 -3.48549138e+01 2.85069114e+01
 4.41421542e+00 -3.48550079e+01 2.85195181e+01
 4.47674177e+00 -3.48550734e+01 2.85282949e+01
 4.53932978e+00 -3.48551297e+01 2.85358282e+01
 4.60197303e+00 -3.48551778e+01 2.85422717e+01
 4.66466459e+00 -3.48552189e+01 2.85477792e+01
 4.72739701e+00 -3.48552542e+01 2.85525040e+01
 4.79016230e+00 -3.48552848e+01 2.85565996e+01
 4.85295197e+00 -3.48553118e+01 2.85602191e+01
 4.91575702e+00 -3.48553364e+01 2.85635158e+01
 4.97856790e+00 -3.48553598e+01 2.85666429e+01
 5.04137455e+00 -3.48553830e+01 2.85697534e+01
 5.10416640e+00 -3.48554072e+01 2.85730004e+01
 5.16693235e+00 -3.48554337e+01 2.85765370e+01
 5.22966077e+00 -3.48554634e+01 2.85805162e+01
 5.29233951e+00 -3.48554975e+01 2.85850908e+01
 5.35506578e+00 -3.48555260e+01 2.85889052e+01
 5.41762621e+00 -3.48555706e+01 2.85948816e+01
 5.48014049e+00 -3.48556189e+01 2.86013400e+01
 5.54262171e+00 -3.48556693e+01 2.86080898e+01
 5.60508365e+00 -3.48557204e+01 2.86149410e+01
 5.66754069e+00 -3.48557709e+01 2.86217035e+01
 5.73000788e+00 -3.48558193e+01 2.86281871e+01
 5.79250090e+00 -3.48558642e+01 2.86342021e+01
 5.85503607e+00 -3.48559042e+01 2.86395587e+01
 5.91763038e+00 -3.48559379e+01 2.86440670e+01
 5.98030144e+00 -3.48559638e+01 2.86475374e+01
 6.04306753e+00 -3.48559805e+01 2.86497801e+01
 6.10594756e+00 -3.48559867e+01 2.86506054e+01
 6.16896113e+00 -3.48559809e+01 2.86498234e+01
 6.23212848e+00 -3.48559616e+01 2.86472442e+01
 6.29593034e+00 -3.48558875e+01 2.86373103e+01
 6.35944918e+00 -3.48558392e+01 2.86308439e+01
 6.42312459e+00 -3.48557785e+01 2.86227127e+01
 6.48693843e+00 -3.48557072e+01 2.86131707e+01
 6.55087167e+00 -3.48556274e+01 2.86024720e+01
 6.61490441e+00 -3.48555407e+01 2.85908710e+01
 6.67901588e+00 -3.48554493e+01 2.85786221e+01
 6.74318437e+00 -3.48553549e+01 2.85659800e+01
 6.80738733e+00 -3.48552595e+01 2.85531996e+01
 6.87160126e+00 -3.48551650e+01 2.85405362e+01
 6.93580179e+00 -3.48550732e+01 2.85282452e+01
 6.99996363e+00 -3.48549861e+01 2.85165824e+01
 7.06406062e+00 -3.48549057e+01 2.85058039e+01
 7.12806568e+00 -3.48548337e+01 2.84961657e+01
 7.19195083e+00 -3.48547722e+01 2.84879242e+01
 7.25610571e+00 -3.48546913e+01 2.84770885e+01
 7.31969872e+00 -3.48546540e+01 2.84720931e+01
 7.38317096e+00 -3.48546263e+01 2.84683881e+01
 7.44655223e+00 -3.48546058e+01 2.84656457e+01
 7.50987349e+00 -3.48545901e+01 2.84635380e+01
 7.57316683e+00 -3.48545767e+01 2.84617370e+01
 7.63646546e+00 -3.48545631e+01 2.84599147e+01
 7.69980374e+00 -3.48545469e+01 2.84577429e+01
 7.76321714e+00 -3.48545256e+01 2.84548937e+01
 7.82674227e+00 -3.48544968e+01 2.84510386e+01
 7.89041690e+00 -3.48544581e+01 2.84458492e+01
 7.95427993e+00 -3.48544069e+01 2.84389970e+01
 8.01837143e+00 -3.48543409e+01 2.84301528e+01
 8.08273265e+00 -3.48542575e+01 2.84189873e+01
 8.14740605e+00 -3.48541544e+01 2.84051702e+01
 8.21300679e+00 -3.48539906e+01 2.83832395e+01
 8.27840481e+00 -3.48538429e+01 2.83634498e+01
 8.34413587e+00 -3.48536754e+01 2.83410151e+01
 8.41016403e+00 -3.48534909e+01 2.83163103e+01
 8.47645200e+00 -3.48532924e+01 2.82897112e+01
 8.54296116e+00 -3.48530824e+01 2.82615937e+01
 8.60965149e+00 -3.48528640e+01 2.82323348e+01
 8.67648160e+00 -3.48526398e+01 2.82023121e+01
 8.74340868e+00 -3.48524128e+01 2.81719044e+01
 8.81038852e+00 -3.48521858e+01 2.81414912e+01
 8.87737548e+00 -3.48519615e+01 2.81114530e+01
 8.94432252e+00 -3.48517429e+01 2.80821715e+01
 9.01118116e+00 -3.48515328e+01 2.80540289e+01
 9.07790150e+00 -3.48513340e+01 2.80274088e+01
 9.14443228e+00 -3.48511495e+01 2.80026950e+01
 9.20663966e+00 -3.48512274e+01 2.80131245e+01
 9.27263554e+00 -3.48510780e+01 2.79931233e+01
 9.33839650e+00 -3.48509447e+01 2.79752597e+01
 9.40395601e+00 -3.48508250e+01 2.79592262e+01
 9.46934865e+00 -3.48507166e+01 2.79447150e+01
 9.53461017e+00 -3.48506174e+01 2.79314178e+01
 9.59977739e+00 -3.48505248e+01 2.79190255e+01
 9.66488826e+00 -3.48504368e+01 2.79072290e+01
 9.72998185e+00 -3.48503508e+01 2.78957185e+01
 9.79509831e+00 -3.48502647e+01 2.78841842e+01
 9.86027890e+00 -3.48501761e+01 2.78723158e+01
 9.92556599e+00 -3.48500827e+01 2.78598028e+01
 9.99100304e+00 -3.48499821e+01 2.78463342e+01
 1.00566347e+01 -3.48498721e+01 2.78315986e+01
 1.01225066e+01 -3.48497503e+01 2.78152845e+01
 1.01907541e+01 -3.48495007e+01 2.77818442e+01
 1.02572487e+01 -3.48493490e+01 2.77615275e+01
 1.03240743e+01 -3.48491814e+01 2.77390765e+01
 1.03912374e+01 -3.48489978e+01 2.77144845e+01
 1.04587444e+01 -3.48487981e+01 2.76877444e+01
 1.05266020e+01 -3.48485824e+01 2.76588490e+01
 1.05948166e+01 -3.48483505e+01 2.76277906e+01
 1.06633951e+01 -3.48481024e+01 2.75945613e+01
 1.07323442e+01 -3.48478381e+01 2.75591529e+01
 1.08016706e+01 -3.48475574e+01 2.75215569e+01
 1.08713814e+01 -3.48472603e+01 2.74817644e+01
 1.09414836e+01 -3.48469467e+01 2.74397662e+01
 1.10119841e+01 -3.48466166e+01 2.73955528e+01
 1.10828901e+01 -3.48462699e+01 2.73491144e+01
 1.11542090e+01 -3.48459065e+01 2.73004408e+01
 1.12251152e+01 -3.48455678e+01 2.72550757e+01
 1.12972716e+01 -3.48451711e+01 2.72019345e+01
 1.13698440e+01 -3.48447583e+01 2.71466507e+01
 1.14428233e+01 -3.48443303e+01 2.70893202e+01
 1.15161999e+01 -3.48438877e+01 2.70300393e+01
 1.15899640e+01 -3.48434313e+01 2.69689044e+01
 1.16641053e+01 -3.48429617e+01 2.69060124e+01
 1.17386132e+01 -3.48424798e+01 2.68414603e+01
 1.18134768e+01 -3.48419861e+01 2.67753456e+01
 1.18886845e+01 -3.48414816e+01 2.67077662e+01
 1.19642245e+01 -3.48409668e+01 2.66388204e+01
 1.20400847e+01 -3.48404426e+01 2.65686070e+01
 1.21162524e+01 -3.48399097e+01 2.64972254e+01
 1.21927145e+01 -3.48393688e+01 2.64247753e+01
 1.22694575e+01 -3.48388206e+01 2.63513571e+01
 1.23536123e+01 -3.48379383e+01 2.62331788e+01
 1.24309020e+01 -3.48373784e+01 2.61581918e+01
 1.25083170e+01 -3.48368187e+01 2.60832234e+01
 1.25857357e+01 -3.48362646e+01 2.60090105e+01
 1.26630327e+01 -3.48357217e+01 2.59362943e+01
 1.27400796e+01 -3.48351956e+01 2.58658208e+01
 1.28167448e+01 -3.48346918e+01 2.57983395e+01
 1.28928934e+01 -3.48342159e+01 2.57346042e+01
 1.29683875e+01 -3.48337737e+01 2.56753714e+01
 1.30430860e+01 -3.48333707e+01 2.56214003e+01
 1.31168450e+01 -3.48330128e+01 2.55734518e+01
 1.31895178e+01 -3.48327054e+01 2.55322879e+01
 1.32609552e+01 -3.48324544e+01 2.54986701e+01
 1.33310055e+01 -3.48322655e+01 2.54733591e+01
 1.33995150e+01 -3.48321442e+01 2.54571127e+01
 1.34663277e+01 -3.48320962e+01 2.54506853e+01
