 -1.47898364e+01 6.09248935e+00 2.10777598e+01
 -1.47027683e+01 6.06657967e+00 2.11748381e+01
 -1.46151683e+01 6.03957843e+00 2.12757794e+01
 -1.45271271e+01 6.01161228e+00 2.13801345e+01
 -1.44387335e+01 5.98280715e+00 2.14874564e+01
 -1.43500741e+01 5.95328818e+00 2.15973013e+01
 -1.42612337e+01 5.92317965e+00 2.17092284e+01
 -1.41722948e+01 5.89260491e+00 2.18228003e+01
 -1.40833379e+01 5.86168640e+00 2.19375828e+01
 -1.39944413e+01 5.83054554e+00 2.20531453e+01
 -1.39056813e+01 5.79930279e+00 2.21690610e+01
 -1.38171321e+01 5.76807756e+00 2.22849064e+01
 -1.37288657e+01 5.73698830e+00 2.24002620e+01
 -1.36409523e+01 5.70615242e+00 2.25147117e+01
 -1.35534597e+01 5.67568637e+00 2.26278428e+01
 -1.34664540e+01 5.64570562e+00 2.27392464e+01
 -1.33799993e+01 5.61632476e+00 2.28485166e+01
 -1.32941577e+01 5.58765746e+00 2.29552507e+01
 -1.32089701e+01 5.55978398e+00 2.30591648e+01
 -1.31245046e+01 5.53283233e+00 2.31598056e+01
 -1.30407084e+01 5.50672695e+00 2.32574411e+01
 -1.29575409e+01 5.48141126e+00 2.33522721e+01
 -1.28749622e+01 5.45682918e+00 2.34444975e+01
 -1.27929336e+01 5.43292511e+00 2.35343147e+01
 -1.27114172e+01 5.40964391e+00 2.36219191e+01
 -1.26303760e+01 5.38693083e+00 2.37075050e+01
 -1.25497740e+01 5.36473157e+00 2.37912649e+01
 -1.24695759e+01 5.34299215e+00 2.38733902e+01
 -1.23897476e+01 5.32165902e+00 2.39540708e+01
 -1.23102556e+01 5.30067892e+00 2.40334954e+01
 -1.22310671e+01 5.27999896e+00 2.41118515e+01
 -1.21521505e+01 5.25956655e+00 2.41893254e+01
 -1.20734746e+01 5.23932942e+00 2.42661025e+01
 -1.19950094e+01 5.21923561e+00 2.43423666e+01
 -1.19167255e+01 5.19923343e+00 2.44183011e+01
 -1.18385942e+01 5.17927151e+00 2.44940877e+01
 -1.17640326e+01 5.16571414e+00 2.45471907e+01
 -1.16861200e+01 5.14570898e+00 2.46231207e+01
 -1.16083406e+01 5.12570837e+00 2.46990294e+01
 -1.15307112e+01 5.10574391e+00 2.47748049e+01
 -1.14532479e+01 5.08584704e+00 2.48503358e+01
 -1.13759664e+01 5.06604904e+00 2.49255114e+01
 -1.12988818e+01 5.04638098e+00 2.50002219e+01
 -1.12220090e+01 5.02687379e+00 2.50743577e+01
 -1.11453621e+01 5.00755820e+00 2.51478100e+01
 -1.10689550e+01 4.98846481e+00 2.52204708e+01
 -1.09928011e+01 4.96962404e+00 2.52922324e+01
 -1.09169132e+01 4.95106616e+00 2.53629877e+01
 -1.08413039e+01 4.93282129e+00 2.54326302e+01
 -1.07659851e+01 4.91491940e+00 2.55010539e+01
 -1.06909686e+01 4.89739034e+00 2.55681534e+01
 -1.06162653e+01 4.88026382e+00 2.56338237e+01
 -1.05418862e+01 4.86356945e+00 2.56979600e+01
 -1.04678415e+01 4.84733669e+00 2.57604584e+01
 -1.03912960e+01 4.82569269e+00 2.58421014e+01
 -1.03179660e+01 4.81046796e+00 2.59010235e+01
 -1.02449877e+01 4.79576900e+00 2.59580810e+01
 -1.01723634e+01 4.78161055e+00 2.60132221e+01
 -1.01000949e+01 4.76800735e+00 2.60663948e+01
 -1.00281840e+01 4.75497410e+00 2.61175472e+01
 -9.95663247e+00 4.74252555e+00 2.61666275e+01
 -9.88544161e+00 4.73067644e+00 2.62135838e+01
 -9.81461272e+00 4.71944152e+00 2.62583639e+01
 -9.74414691e+00 4.70883558e+00 2.63009158e+01
 -9.67404510e+00 4.69887342e+00 2.63411875e+01
 -9.60430806e+00 4.68956991e+00 2.63791266e+01
 -9.53493640e+00 4.68093993e+00 2.64146806e+01
 -9.46593057e+00 4.67299842e+00 2.64477969e+01
 -9.39729087e+00 4.66576038e+00 2.64784229e+01
 -9.32901742e+00 4.65924088e+00 2.65065054e+01
 -9.26111023e+00 4.65345505e+00 2.65319911e+01
 -9.19356914e+00 4.64841812e+00 2.65548266e+01
 -9.13126452e+00 4.65554653e+00 2.65346376e+01
 -9.06438529e+00 4.65197197e+00 2.65523000e+01
 -8.99780689e+00 4.64903955e+00 2.65676905e+01
 -8.93149498e+00 4.64668121e+00 2.65810499e+01
 -8.86541614e+00 4.64482902e+00 2.65926187e+01
 -8.79953779e+00 4.64341515e+00 2.66026369e+01
 -8.73382823e+00 4.64237188e+00 2.66113442e+01
 -8.66825661e+00 4.64163153e+00 2.66189798e+01
 -8.60279292e+00 4.64112648e+00 2.66257831e+01
 -8.53740800e+00 4.64078918e+00 2.66319930e+01
 -8.47207351e+00 4.64055206e+00 2.66378482e+01
 -8.40676196e+00 4.64034762e+00 2.66435877e+01
 -8.34144667e+00 4.64010835e+00 2.66494499e+01
 -8.27610181e+00 4.63976677e+00 2.66556735e+01
 -8.21070236e+00 4.63925544e+00 2.66624967e+01
 -8.14522414e+00 4.63850692e+00 2.66701579e+01
 -8.07964381e+00 4.63745383e+00 2.66788951e+01
 -8.01400131e+00 4.63619513e+00 2.66883585e+01
 -7.94815770e+00 4.63435272e+00 2.66998843e+01
 -7.88219123e+00 4.63212407e+00 2.67127745e+01
 -7.81612305e+00 4.62955729e+00 2.67268587e+01
 -7.74997373e+00 4.62670046e+00 2.67419671e+01
 -7.68376321e+00 4.62360164e+00 2.67579296e+01
 -7.61751086e+00 4.62030886e+00 2.67745765e+01
 -7.55123543e+00 4.61687010e+00 2.67917381e+01
 -7.48495508e+00 4.61333327e+00 2.68092451e+01
 -7.41868738e+00 4.60974625e+00 2.68269282e+01
 -7.35244926e+00 4.60615684e+00 2.68446187e+01
 -7.28625709e+00 4.60261281e+00 2.68621476e+01
 -7.22012662e+00 4.59916184e+00 2.68793467e+01
 -7.15407299e+00 4.59585158e+00 2.68960475e+01
 -7.08811077e+00 4.59272960e+00 2.69120820e+01
 -7.02225392e+00 4.58984346e+00 2.69272824e+01
 -6.95651581e+00 4.58724066e+00 2.69414809e+01
 -6.89090924e+00 4.58496865e+00 2.69545101e+01
 -6.82662572e+00 4.58675141e+00 2.69532162e+01
 -6.76129914e+00 4.58525837e+00 2.69634928e+01
 -6.69610950e+00 4.58414437e+00 2.69724300e+01
 -6.63104468e+00 4.58338155e+00 2.69801263e+01
 -6.56609287e+00 4.58294207e+00 2.69866803e+01
 -6.50124265e+00 4.58279813e+00 2.69921901e+01
 -6.43648290e+00 4.58292197e+00 2.69967540e+01
 -6.37180289e+00 4.58328584e+00 2.70004700e+01
 -6.30719221e+00 4.58386200e+00 2.70034361e+01
 -6.24264078e+00 4.58462274e+00 2.70057504e+01
 -6.17813888e+00 4.58554034e+00 2.70075107e+01
 -6.11367712e+00 4.58658711e+00 2.70088149e+01
 -6.04924644e+00 4.58773534e+00 2.70097608e+01
 -5.98483814e+00 4.58895733e+00 2.70104464e+01
 -5.92044382e+00 4.59022538e+00 2.70109693e+01
 -5.85605545e+00 4.59151178e+00 2.70114275e+01
 -5.79166531e+00 4.59278883e+00 2.70119187e+01
 -5.72726604e+00 4.59402881e+00 2.70125409e+01
 -5.66266922e+00 4.59452251e+00 2.70157974e+01
 -5.59824191e+00 4.59563926e+00 2.70168545e+01
 -5.53381089e+00 4.59673477e+00 2.70179865e+01
 -5.46938668e+00 4.59784919e+00 2.70190518e+01
 -5.40497929e+00 4.59902269e+00 2.70199086e+01
 -5.34059828e+00 4.60029541e+00 2.70204152e+01
 -5.27625269e+00 4.60170752e+00 2.70204299e+01
 -5.21195110e+00 4.60329920e+00 2.70198109e+01
 -5.14770159e+00 4.60511063e+00 2.70184166e+01
 -5.08351176e+00 4.60718202e+00 2.70161051e+01
 -5.01938875e+00 4.60955360e+00 2.70127345e+01
 -4.95533920e+00 4.61226563e+00 2.70081630e+01
 -4.89136926e+00 4.61535842e+00 2.70022483e+01
 -4.82748463e+00 4.61887233e+00 2.69948482e+01
 -4.76369053e+00 4.62284778e+00 2.69858203e+01
 -4.69999169e+00 4.62732528e+00 2.69750218e+01
 -4.63639239e+00 4.63234541e+00 2.69623097e+01
 -4.57289642e+00 4.63794886e+00 2.69475407e+01
 -4.50889541e+00 4.64128504e+00 2.69407712e+01
 -4.44560786e+00 4.64809832e+00 2.69217363e+01
 -4.38239560e+00 4.65543706e+00 2.69008493e+01
 -4.31924021e+00 4.66323389e+00 2.68783479e+01
 -4.25612409e+00 4.67142135e+00 2.68544704e+01
 -4.19303042e+00 4.67993190e+00 2.68294550e+01
 -4.12994317e+00 4.68869785e+00 2.68035406e+01
 -4.06684714e+00 4.69765141e+00 2.67769664e+01
 -4.00372788e+00 4.70672463e+00 2.67499722e+01
 -3.94057177e+00 4.71584941e+00 2.67227980e+01
 -3.87736598e+00 4.72495752e+00 2.66956847e+01
 -3.81409846e+00 4.73398055e+00 2.66688733e+01
 -3.75075798e+00 4.74284994e+00 2.66426056e+01
 -3.68733412e+00 4.75149701e+00 2.66171238e+01
 -3.62381725e+00 4.75985291e+00 2.65926705e+01
 -3.56019856e+00 4.76784868e+00 2.65694888e+01
 -3.49647007e+00 4.77541525e+00 2.65478220e+01
 -3.43262459e+00 4.78248346e+00 2.65279138e+01
 -3.36735514e+00 4.78070298e+00 2.65392034e+01
 -3.30329707e+00 4.78666099e+00 2.65232110e+01
 -3.23913286e+00 4.79209787e+00 2.65090569e+01
 -3.17487158e+00 4.79704299e+00 2.64966374e+01
 -3.11052195e+00 4.80152577e+00 2.64858486e+01
 -3.04609237e+00 4.80557574e+00 2.64765862e+01
 -2.98159089e+00 4.80922248e+00 2.64687459e+01
 -2.91702517e+00 4.81249564e+00 2.64622229e+01
 -2.85240257e+00 4.81542490e+00 2.64569125e+01
 -2.78773007e+00 4.81804000e+00 2.64527098e+01
 -2.72301428e+00 4.82037071e+00 2.64495098e+01
 -2.65826149e+00 4.82244682e+00 2.64472073e+01
 -2.59347760e+00 4.82429817e+00 2.64456971e+01
 -2.52866816e+00 4.82595459e+00 2.64448740e+01
 -2.46383837e+00 4.82744594e+00 2.64446327e+01
 -2.39899306e+00 4.82880208e+00 2.64448679e+01
 -2.33413671e+00 4.83005290e+00 2.64454743e+01
 -2.26925535e+00 4.83105723e+00 2.64469492e+01
 -2.20438911e+00 4.83218418e+00 2.64479920e+01
 -2.13952165e+00 4.83328103e+00 2.64491409e+01
 -2.07465486e+00 4.83436434e+00 2.64503375e+01
 -2.00979040e+00 4.83545069e+00 2.64515233e+01
 -1.94492975e+00 4.83655664e+00 2.64526401e+01
 -1.88007417e+00 4.83769876e+00 2.64536295e+01
 -1.81522475e+00 4.83889362e+00 2.64544331e+01
 -1.75038236e+00 4.84015780e+00 2.64549925e+01
 -1.68554766e+00 4.84150787e+00 2.64552495e+01
 -1.62072113e+00 4.84296041e+00 2.64551455e+01
 -1.55590304e+00 4.84453200e+00 2.64546224e+01
 -1.49109347e+00 4.84623924e+00 2.64536216e+01
 -1.42629228e+00 4.84809871e+00 2.64520848e+01
 -1.36149916e+00 4.85012702e+00 2.64499536e+01
 -1.29671357e+00 4.85234079e+00 2.64471695e+01
 -1.23193479e+00 4.85475665e+00 2.64436740e+01
 -1.16716190e+00 4.85739124e+00 2.64394086e+01
 -1.10251838e+00 4.86269122e+00 2.64257581e+01
 -1.03774574e+00 4.86580091e+00 2.64198209e+01
 -9.72973006e-01 4.86913333e+00 2.64131000e+01
 -9.08197351e-01 4.87266952e+00 2.64056622e+01
 -8.43416190e-01 4.87639049e+00 2.63975743e+01
 -7.78627166e-01 4.88027726e+00 2.63889034e+01
 -7.13828149e-01 4.88431084e+00 2.63797164e+01
 -6.49017238e-01 4.88847221e+00 2.63700801e+01
 -5.84192762e-01 4.89274236e+00 2.63600617e+01
 -5.19353280e-01 4.89710226e+00 2.63497282e+01
 -4.54497580e-01 4.90153285e+00 2.63391466e+01
 -3.89624678e-01 4.90601506e+00 2.63283841e+01
 -3.24733822e-01 4.91052980e+00 2.63175079e+01
 -2.59824489e-01 4.91505798e+00 2.63065853e+01
 -1.94896386e-01 4.91958047e+00 2.62956835e+01
 -1.29949453e-01 4.92407813e+00 2.62848700e+01
 -6.49838575e-02 4.92853178e+00 2.62742121e+01
 0.00000000e+00 4.93292226e+00 2.62637774e+01
 6.50057804e-02 4.93865411e+00 2.62486232e+01
 1.30028228e-01 4.94284403e+00 2.62388960e+01
 1.95065824e-01 4.94686616e+00 2.62297600e+01
 2.60116438e-01 4.95066988e+00 2.62213931e+01
 3.25177331e-01 4.95420458e+00 2.62139735e+01
 3.90245152e-01 4.95741961e+00 2.62076792e+01
 4.55315942e-01 4.96026432e+00 2.62026883e+01
 5.20385130e-01 4.96268803e+00 2.61991789e+01
 5.85447534e-01 4.96464011e+00 2.61973291e+01
 6.50497366e-01 4.96606992e+00 2.61973167e+01
 7.15528228e-01 4.96692690e+00 2.61993196e+01
 7.80533115e-01 4.96716052e+00 2.62035151e+01
 8.45504419e-01 4.96672036e+00 2.62100804e+01
 9.10433929e-01 4.96555611e+00 2.62191923e+01
 9.75312835e-01 4.96361756e+00 2.62310271e+01
 1.04013173e+00 4.96085468e+00 2.62457604e+01
 1.10488061e+00 4.95721762e+00 2.62635673e+01
 1.16954890e+00 4.95265675e+00 2.62846220e+01
 1.23349591e+00 4.93612622e+00 2.63477701e+01
 1.29794275e+00 4.92968498e+00 2.63754332e+01
 1.36228985e+00 4.92241592e+00 2.64060055e+01
 1.42653590e+00 4.91441209e+00 2.64391595e+01
 1.49068072e+00 4.90576641e+00 2.64745682e+01
 1.55472521e+00 4.89657169e+00 2.65119050e+01
 1.61867141e+00 4.88692053e+00 2.65508441e+01
 1.68252244e+00 4.87690532e+00 2.65910606e+01
 1.74628251e+00 4.86661821e+00 2.66322303e+01
 1.80995692e+00 4.85615109e+00 2.66740301e+01
 1.87355206e+00 4.84559559e+00 2.67161378e+01
 1.93707538e+00 4.83504302e+00 2.67582322e+01
 2.00053543e+00 4.82458444e+00 2.67999934e+01
 2.06394181e+00 4.81431063e+00 2.68411023e+01
 2.12730518e+00 4.80431206e+00 2.68812408e+01
 2.19063728e+00 4.79467898e+00 2.69200919e+01
 2.25395089e+00 4.78550139e+00 2.69573395e+01
 2.31725987e+00 4.77686907e+00 2.69926680e+01
 2.38148670e+00 4.77701798e+00 2.69971317e+01
 2.44484382e+00 4.76963247e+00 2.70280747e+01
 2.50822042e+00 4.76286367e+00 2.70568482e+01
 2.57162043e+00 4.75669815e+00 2.70834998e+01
 2.63504766e+00 4.75112260e+00 2.71080763e+01
 2.69850576e+00 4.74612381e+00 2.71306245e+01
 2.76199824e+00 4.74168863e+00 2.71511907e+01
 2.82552846e+00 4.73780403e+00 2.71698210e+01
 2.88909964e+00 4.73445703e+00 2.71865612e+01
 2.95271482e+00 4.73163474e+00 2.72014566e+01
 3.01637694e+00 4.72932436e+00 2.72145526e+01
 3.08008877e+00 4.72751311e+00 2.72258942e+01
 3.14385294e+00 4.72618830e+00 2.72355261e+01
 3.20767193e+00 4.72533731e+00 2.72434929e+01
 3.27154808e+00 4.72494754e+00 2.72498390e+01
 3.33548360e+00 4.72500646e+00 2.72546086e+01
 3.39948053e+00 4.72550159e+00 2.72578457e+01
 3.46304423e+00 4.72336483e+00 2.72703272e+01
 3.52715966e+00 4.72469069e+00 2.72706458e+01
 3.59133833e+00 4.72639507e+00 2.72696350e+01
 3.65557843e+00 4.72844754e+00 2.72674018e+01
 3.71987778e+00 4.73081766e+00 2.72640533e+01
 3.78423384e+00 4.73347501e+00 2.72596963e+01
 3.84864370e+00 4.73638918e+00 2.72544378e+01
 3.91310410e+00 4.73952975e+00 2.72483847e+01
 3.97761141e+00 4.74286630e+00 2.72416439e+01
 4.04216160e+00 4.74636839e+00 2.72343224e+01
 4.10675032e+00 4.75000556e+00 2.72265271e+01
 4.17137282e+00 4.75374735e+00 2.72183652e+01
 4.23602398e+00 4.75756326e+00 2.72099436e+01
 4.30069832e+00 4.76142277e+00 2.72013696e+01
 4.36538999e+00 4.76529536e+00 2.71927503e+01
 4.43009276e+00 4.76915045e+00 2.71841932e+01
 4.49480002e+00 4.77295745e+00 2.71758056e+01
 4.55950481e+00 4.77668575e+00 2.71676948e+01
 4.62385047e+00 4.77869150e+00 2.71656314e+01
 4.68852831e+00 4.78219434e+00 2.71583132e+01
 4.75319916e+00 4.78560957e+00 2.71513030e+01
 4.81786936e+00 4.78896884e+00 2.71444899e+01
 4.88254565e+00 4.79230380e+00 2.71377625e+01
 4.94723514e+00 4.79564616e+00 2.71310098e+01
 5.01194533e+00 4.79902760e+00 2.71241205e+01
 5.07668411e+00 4.80247986e+00 2.71169831e+01
 5.14145976e+00 4.80603469e+00 2.71094864e+01
 5.20628092e+00 4.80972387e+00 2.71015188e+01
 5.27115665e+00 4.81357920e+00 2.70929688e+01
 5.33609638e+00 4.81763251e+00 2.70837248e+01
 5.40110995e+00 4.82191568e+00 2.70736749e+01
 5.46620756e+00 4.82646061e+00 2.70627074e+01
 5.53139984e+00 4.83129926e+00 2.70507101e+01
 5.59669778e+00 4.83646364e+00 2.70375710e+01
 5.66211279e+00 4.84198579e+00 2.70231777e+01
 5.72765669e+00 4.84789786e+00 2.70074175e+01
 5.79236334e+00 4.85061517e+00 2.70028660e+01
 5.85816693e+00 4.85731497e+00 2.69843444e+01
 5.92407300e+00 4.86427103e+00 2.69649253e+01
 5.99005108e+00 4.87136605e+00 2.69450201e+01
 6.05606920e+00 4.87848253e+00 2.69250411e+01
 6.12209397e+00 4.88550278e+00 2.69054011e+01
 6.18809050e+00 4.89230890e+00 2.68865136e+01
 6.25402245e+00 4.89878281e+00 2.68687926e+01
 6.31985202e+00 4.90480628e+00 2.68526527e+01
 6.38553995e+00 4.91026093e+00 2.68385088e+01
 6.45104553e+00 4.91502831e+00 2.68267762e+01
 6.51632664e+00 4.91898993e+00 2.68178700e+01
 6.58133973e+00 4.92202730e+00 2.68122056e+01
 6.64603986e+00 4.92402204e+00 2.68101976e+01
 6.71038074e+00 4.92485595e+00 2.68122601e+01
 6.77431475e+00 4.92441108e+00 2.68188064e+01
 6.83779295e+00 4.92256981e+00 2.68302482e+01
 6.90076518e+00 4.91921504e+00 2.68469957e+01
 6.96563338e+00 4.92179312e+00 2.68429421e+01
 7.02755694e+00 4.91535564e+00 2.68704954e+01
 7.08902684e+00 4.90768741e+00 2.69023615e+01
 7.15011375e+00 4.89903349e+00 2.69376808e+01
 7.21089112e+00 4.88963856e+00 2.69755953e+01
 7.27143515e+00 4.87974672e+00 2.70152490e+01
 7.33182474e+00 4.86960146e+00 2.70557883e+01
 7.39214146e+00 4.85944554e+00 2.70963622e+01
 7.45246952e+00 4.84952100e+00 2.71361224e+01
 7.51289580e+00 4.84006918e+00 2.71742231e+01
 7.57350982e+00 4.83133076e+00 2.72098210e+01
 7.63440378e+00 4.82354587e+00 2.72420747e+01
 7.69567260e+00 4.81695422e+00 2.72701447e+01
 7.75741400e+00 4.81179530e+00 2.72931920e+01
 7.81972853e+00 4.80830856e+00 2.73103781e+01
 7.88271970e+00 4.80673370e+00 2.73208638e+01
 7.94649409e+00 4.80731095e+00 2.73238079e+01
 8.01116145e+00 4.81028139e+00 2.73183665e+01
 8.07487366e+00 4.81070194e+00 2.73218597e+01
 8.14144928e+00 4.81864951e+00 2.72989811e+01
 8.20889942e+00 4.82877176e+00 2.72684852e+01
 8.27715098e+00 4.84082950e+00 2.72312109e+01
 8.34612800e+00 4.85458365e+00 2.71879963e+01
 8.41575160e+00 4.86979491e+00 2.71396804e+01
 8.48593986e+00 4.88622354e+00 2.70871035e+01
 8.55660771e+00 4.90362909e+00 2.70311084e+01
 8.62766686e+00 4.92177026e+00 2.69725405e+01
 8.69902573e+00 4.94040473e+00 2.69122489e+01
 8.77058938e+00 4.95928908e+00 2.68510864e+01
 8.84225949e+00 4.97817869e+00 2.67899098e+01
 8.91393432e+00 4.99682776e+00 2.67295800e+01
 8.98550868e+00 5.01498931e+00 2.66709618e+01
 9.05687398e+00 5.03241521e+00 2.66149239e+01
 9.12791824e+00 5.04885634e+00 2.65623386e+01
 9.19852611e+00 5.06406269e+00 2.65140810e+01
 9.27122425e+00 5.08394972e+00 2.64494367e+01
 9.34066614e+00 5.09604370e+00 2.64120845e+01
 9.40950886e+00 5.10661381e+00 2.63800706e+01
 9.47780357e+00 5.11580800e+00 2.63528765e+01
 9.54560351e+00 5.12377501e+00 2.63299809e+01
 9.61296399e+00 5.13066417e+00 2.63108605e+01
 9.67994234e+00 5.13662534e+00 2.62949904e+01
 9.74659783e+00 5.14180877e+00 2.62818441e+01
 9.81299169e+00 5.14636503e+00 2.62708944e+01
 9.87918705e+00 5.15044493e+00 2.62616129e+01
 9.94524894e+00 5.15419947e+00 2.62534711e+01
 1.00112442e+01 5.15777982e+00 2.62459397e+01
 1.00772417e+01 5.16133723e+00 2.62384891e+01
 1.01433120e+01 5.16502309e+00 2.62305895e+01
 1.02095275e+01 5.16898890e+00 2.62217108e+01
 1.02759625e+01 5.17338630e+00 2.62113222e+01
 1.03426934e+01 5.17836710e+00 2.61988928e+01
 1.04097983e+01 5.18408334e+00 2.61838905e+01
 1.04757402e+01 5.18733735e+00 2.61775059e+01
 1.05437888e+01 5.19490653e+00 2.61560215e+01
 1.06123400e+01 5.20342959e+00 2.61312009e+01
 1.06813922e+01 5.21288557e+00 2.61031177e+01
 1.07509434e+01 5.22325364e+00 2.60718452e+01
 1.08209914e+01 5.23451308e+00 2.60374562e+01
 1.08915338e+01 5.24664330e+00 2.60000230e+01
 1.09625682e+01 5.25962376e+00 2.59596179e+01
 1.10340917e+01 5.27343403e+00 2.59163126e+01
 1.11061013e+01 5.28805372e+00 2.58701787e+01
 1.11785940e+01 5.30346252e+00 2.58212876e+01
 1.12515662e+01 5.31964014e+00 2.57697106e+01
 1.13250144e+01 5.33656632e+00 2.57155188e+01
 1.13989346e+01 5.35422084e+00 2.56587832e+01
 1.14733228e+01 5.37258347e+00 2.55995748e+01
 1.15481745e+01 5.39163400e+00 2.55379647e+01
 1.16234853e+01 5.41135218e+00 2.54740237e+01
 1.16992503e+01 5.43171777e+00 2.54078230e+01
 1.17790438e+01 5.45938458e+00 2.53160928e+01
 1.18557194e+01 5.48098047e+00 2.52455999e+01
 1.19328155e+01 5.50313043e+00 2.51731743e+01
 1.20103146e+01 5.52579326e+00 2.50989605e+01
 1.20881984e+01 5.54892757e+00 2.50231031e+01
 1.21664484e+01 5.57249176e+00 2.49457480e+01
 1.22450451e+01 5.59644401e+00 2.48670415e+01
 1.23239685e+01 5.62074227e+00 2.47871307e+01
 1.24031981e+01 5.64534422e+00 2.47061638e+01
 1.24827126e+01 5.67020732e+00 2.46242895e+01
 1.25624900e+01 5.69528875e+00 2.45416577e+01
 1.26425078e+01 5.72054541e+00 2.44584192e+01
 1.27227427e+01 5.74593395e+00 2.43747255e+01
 1.28031707e+01 5.77141070e+00 2.42907293e+01
 1.28837673e+01 5.79693173e+00 2.42065843e+01
 1.29645072e+01 5.82245283e+00 2.41224449e+01
 1.30453642e+01 5.84792948e+00 2.40384668e+01
 1.31263118e+01 5.87331687e+00 2.39548066e+01
 1.32042602e+01 5.89337862e+00 2.38897658e+01
 1.32852610e+01 5.91840245e+00 2.38073874e+01
 1.33662173e+01 5.94311617e+00 2.37260985e+01
 1.34470701e+01 5.96742613e+00 2.36462264e+01
 1.35277592e+01 5.99123815e+00 2.35681000e+01
 1.36082227e+01 6.01445753e+00 2.34920501e+01
 1.36883976e+01 6.03698908e+00 2.34184090e+01
 1.37682194e+01 6.05873717e+00 2.33475107e+01
 1.38476220e+01 6.07960577e+00 2.32796904e+01
 1.39265382e+01 6.09949849e+00 2.32152846e+01
 1.40048994e+01 6.11831867e+00 2.31546307e+01
 1.40826357e+01 6.13596940e+00 2.30980668e+01
 1.41596759e+01 6.15235363e+00 2.30459315e+01
 1.42359477e+01 6.16737422e+00 2.29985638e+01
 1.43113776e+01 6.18093404e+00 2.29563025e+01
 1.43858909e+01 6.19293603e+00 2.29194861e+01
 1.44594121e+01 6.20328334e+00 2.28884523e+01
 1.45318645e+01 6.21187939e+00 2.28635379e+01
