 -1.05873950e+01 1.84068954e+00 2.67721141e+01
 -1.05207855e+01 1.83762363e+00 2.67868097e+01
 -1.04536140e+01 1.83344241e+00 2.68057360e+01
 -1.03859563e+01 1.82827003e+00 2.68284216e+01
 -1.03178869e+01 1.82223062e+00 2.68543954e+01
 -1.02494781e+01 1.81544828e+00 2.68831864e+01
 -1.01808010e+01 1.80804699e+00 2.69143242e+01
 -1.01119248e+01 1.80015053e+00 2.69473390e+01
 -1.00429170e+01 1.79188242e+00 2.69817622e+01
 -9.97384319e+00 1.78336592e+00 2.70171262e+01
 -9.90476740e+00 1.77472398e+00 2.70529644e+01
 -9.83575181e+00 1.76607920e+00 2.70888119e+01
 -9.76685684e+00 1.75755389e+00 2.71242048e+01
 -9.69814117e+00 1.74926998e+00 2.71586806e+01
 -9.62966171e+00 1.74134914e+00 2.71917779e+01
 -9.55824619e+00 1.72724644e+00 2.72483197e+01
 -9.49036465e+00 1.72029045e+00 2.72777544e+01
 -9.42273868e+00 1.71376362e+00 2.73055603e+01
 -9.35533703e+00 1.70760890e+00 2.73319538e+01
 -9.28812923e+00 1.70176939e+00 2.73571508e+01
 -9.22108566e+00 1.69618833e+00 2.73813666e+01
 -9.15417746e+00 1.69080907e+00 2.74048161e+01
 -9.08737657e+00 1.68557508e+00 2.74277138e+01
 -9.02065573e+00 1.68042992e+00 2.74502737e+01
 -8.95398844e+00 1.67531726e+00 2.74727094e+01
 -8.88734898e+00 1.67018086e+00 2.74952342e+01
 -8.82071242e+00 1.66496458e+00 2.75180610e+01
 -8.75405458e+00 1.65961236e+00 2.75414022e+01
 -8.68735209e+00 1.65406826e+00 2.75654700e+01
 -8.61706167e+00 1.64024816e+00 2.76209157e+01
 -8.55025226e+00 1.63420651e+00 2.76468673e+01
 -8.48340590e+00 1.62797609e+00 2.76735335e+01
 -8.41655522e+00 1.62162872e+00 2.77006420e+01
 -8.34973186e+00 1.61523609e+00 2.77279209e+01
 -8.28296645e+00 1.60886973e+00 2.77550991e+01
 -8.21628865e+00 1.60260101e+00 2.77819060e+01
 -8.14972711e+00 1.59650117e+00 2.78080715e+01
 -8.08330952e+00 1.59064133e+00 2.78333262e+01
 -8.01706257e+00 1.58509246e+00 2.78574009e+01
 -7.95101200e+00 1.57992543e+00 2.78800272e+01
 -7.88518256e+00 1.57521101e+00 2.79009369e+01
 -7.81959808e+00 1.57101992e+00 2.79198619e+01
 -7.75428144e+00 1.56742281e+00 2.79365347e+01
 -7.69036483e+00 1.56731583e+00 2.79399777e+01
 -7.62562908e+00 1.56509158e+00 2.79514458e+01
 -7.56116311e+00 1.56351449e+00 2.79604605e+01
 -7.49692682e+00 1.56249642e+00 2.79673560e+01
 -7.43288131e+00 1.56194934e+00 2.79724662e+01
 -7.36898884e+00 1.56178530e+00 2.79761244e+01
 -7.30521287e+00 1.56191642e+00 2.79786639e+01
 -7.24151800e+00 1.56225483e+00 2.79804177e+01
 -7.17786996e+00 1.56271271e+00 2.79817187e+01
 -7.11423565e+00 1.56320221e+00 2.79828999e+01
 -7.05058312e+00 1.56363552e+00 2.79842939e+01
 -6.98688154e+00 1.56392479e+00 2.79862337e+01
 -6.92310125e+00 1.56398223e+00 2.79890521e+01
 -6.85921372e+00 1.56372002e+00 2.79930816e+01
 -6.79519159e+00 1.56305041e+00 2.79986546e+01
 -6.73170885e+00 1.56392045e+00 2.79983934e+01
 -6.66736745e+00 1.56227275e+00 2.80076723e+01
 -6.60289357e+00 1.56018541e+00 2.80186167e+01
 -6.53830849e+00 1.55770931e+00 2.80310336e+01
 -6.47363285e+00 1.55489530e+00 2.80447303e+01
 -6.40888662e+00 1.55179423e+00 2.80595140e+01
 -6.34408908e+00 1.54845689e+00 2.80751923e+01
 -6.27925885e+00 1.54493406e+00 2.80915728e+01
 -6.21441386e+00 1.54127643e+00 2.81084632e+01
 -6.14957139e+00 1.53753467e+00 2.81256717e+01
 -6.08474801e+00 1.53375935e+00 2.81430066e+01
 -6.01995962e+00 1.53000101e+00 2.81602764e+01
 -5.95522146e+00 1.52631010e+00 2.81772901e+01
 -5.89054807e+00 1.52273703e+00 2.81938567e+01
 -5.82584047e+00 1.51895414e+00 2.82112175e+01
 -5.76133392e+00 1.51575108e+00 2.82263811e+01
 -5.69691513e+00 1.51275941e+00 2.82407434e+01
 -5.63258415e+00 1.50998636e+00 2.82542769e+01
 -5.56834090e+00 1.50743921e+00 2.82669543e+01
 -5.50418524e+00 1.50512522e+00 2.82787480e+01
 -5.44011692e+00 1.50305167e+00 2.82896306e+01
 -5.37613561e+00 1.50122583e+00 2.82995745e+01
 -5.31224086e+00 1.49965499e+00 2.83085522e+01
 -5.24843217e+00 1.49834646e+00 2.83165362e+01
 -5.18470891e+00 1.49730753e+00 2.83234987e+01
 -5.12107039e+00 1.49654554e+00 2.83294122e+01
 -5.05751579e+00 1.49606781e+00 2.83342488e+01
 -4.99404425e+00 1.49588170e+00 2.83379810e+01
 -4.93065477e+00 1.49599457e+00 2.83405807e+01
 -4.86677200e+00 1.49411500e+00 2.83507256e+01
 -4.80353823e+00 1.49479696e+00 2.83511700e+01
 -4.74036208e+00 1.49571260e+00 2.83507295e+01
 -4.67723256e+00 1.49682562e+00 2.83495418e+01
 -4.61413914e+00 1.49809971e+00 2.83477441e+01
 -4.55107178e+00 1.49949857e+00 2.83454742e+01
 -4.48802089e+00 1.50098590e+00 2.83428694e+01
 -4.42497738e+00 1.50252538e+00 2.83400672e+01
 -4.36193260e+00 1.50408067e+00 2.83372054e+01
 -4.29887838e+00 1.50561545e+00 2.83344213e+01
 -4.23580702e+00 1.50709336e+00 2.83318527e+01
 -4.17271129e+00 1.50847805e+00 2.83296372e+01
 -4.10958444e+00 1.50973315e+00 2.83279124e+01
 -4.04642018e+00 1.51082227e+00 2.83268161e+01
 -3.98388692e+00 1.51500871e+00 2.83139942e+01
 -3.92063472e+00 1.51572929e+00 2.83142934e+01
 -3.85736170e+00 1.51634200e+00 2.83150010e+01
 -3.79408136e+00 1.51691087e+00 2.83158746e+01
 -3.73080637e+00 1.51749988e+00 2.83166719e+01
 -3.66754857e+00 1.51817305e+00 2.83171506e+01
 -3.60431899e+00 1.51899438e+00 2.83170685e+01
 -3.54112780e+00 1.52002791e+00 2.83161832e+01
 -3.47798435e+00 1.52133767e+00 2.83142524e+01
 -3.41489718e+00 1.52298774e+00 2.83110337e+01
 -3.35187400e+00 1.52504222e+00 2.83062844e+01
 -3.28892167e+00 1.52756530e+00 2.82997618e+01
 -3.22604628e+00 1.53062124e+00 2.82912227e+01
 -3.16325307e+00 1.53427442e+00 2.82804238e+01
 -3.10031382e+00 1.53712502e+00 2.82726627e+01
 -3.03769191e+00 1.54210021e+00 2.82568614e+01
 -2.97512914e+00 1.54764133e+00 2.82389191e+01
 -2.91260445e+00 1.55364418e+00 2.82192302e+01
 -2.85009814e+00 1.56000443e+00 2.81981897e+01
 -2.78759183e+00 1.56661763e+00 2.81761930e+01
 -2.72506846e+00 1.57337914e+00 2.81536359e+01
 -2.66251233e+00 1.58018414e+00 2.81309153e+01
 -2.59990906e+00 1.58692760e+00 2.81084286e+01
 -2.53724559e+00 1.59350430e+00 2.80865738e+01
 -2.47451024e+00 1.59980884e+00 2.80657498e+01
 -2.41169265e+00 1.60573565e+00 2.80463559e+01
 -2.34878381e+00 1.61117900e+00 2.80287921e+01
 -2.28577609e+00 1.61603307e+00 2.80134586e+01
 -2.22266321e+00 1.62019196e+00 2.80007560e+01
 -2.15960841e+00 1.62507555e+00 2.79853122e+01
 -2.09629409e+00 1.62778041e+00 2.79781119e+01
 -2.03290751e+00 1.62990766e+00 2.79730971e+01
 -1.96946554e+00 1.63156930e+00 2.79698440e+01
 -1.90598363e+00 1.63287746e+00 2.79679283e+01
 -1.84247576e+00 1.63394430e+00 2.79669257e+01
 -1.77895445e+00 1.63488202e+00 2.79664115e+01
 -1.71543077e+00 1.63580287e+00 2.79659612e+01
 -1.65191436e+00 1.63681907e+00 2.79651503e+01
 -1.58841339e+00 1.63804291e+00 2.79635540e+01
 -1.52493455e+00 1.63958667e+00 2.79607477e+01
 -1.46148313e+00 1.64156269e+00 2.79563065e+01
 -1.39806292e+00 1.64408342e+00 2.79498052e+01
 -1.33467630e+00 1.64726141e+00 2.79408182e+01
 -1.27130892e+00 1.65097414e+00 2.79298091e+01
 -1.20798268e+00 1.65566158e+00 2.79151140e+01
 -1.14467004e+00 1.66101406e+00 2.78979043e+01
 -1.08135982e+00 1.66694605e+00 2.78785036e+01
 -1.01804195e+00 1.67337195e+00 2.78572359e+01
 -9.54707473e-01 1.68020606e+00 2.78344252e+01
 -8.91348519e-01 1.68736259e+00 2.78103963e+01
 -8.27958340e-01 1.69475558e+00 2.77854742e+01
 -7.64531291e-01 1.70229893e+00 2.77599846e+01
 -7.01062839e-01 1.70990634e+00 2.77342539e+01
 -6.37549563e-01 1.71749134e+00 2.77086090e+01
 -5.73989157e-01 1.72496729e+00 2.76833776e+01
 -5.10380433e-01 1.73224737e+00 2.76588880e+01
 -4.46723326e-01 1.73924456e+00 2.76354690e+01
 -3.83050089e-01 1.74747667e+00 2.76073818e+01
 -3.19296037e-01 1.75369098e+00 2.75869251e+01
 -2.55501820e-01 1.75951086e+00 2.75679607e+01
 -1.91671520e-01 1.76496175e+00 2.75503922e+01
 -1.27808890e-01 1.77006916e+00 2.75341231e+01
 -6.39173529e-02 1.77485867e+00 2.75190566e+01
 0.00000000e+00 1.77935589e+00 2.75050958e+01
 6.39404104e-02 1.78358653e+00 2.74921435e+01
 1.27901453e-01 1.78757631e+00 2.74801024e+01
 1.91881036e-01 1.79135099e+00 2.74688749e+01
 2.55877404e-01 1.79493638e+00 2.74583635e+01
 3.19889134e-01 1.79835833e+00 2.74484704e+01
 3.83915139e-01 1.80164270e+00 2.74390979e+01
 4.47954670e-01 1.80481537e+00 2.74301479e+01
 5.11849273e-01 1.80180224e+00 2.74445808e+01
 5.75894846e-01 1.80481731e+00 2.74362269e+01
 6.39951520e-01 1.80773327e+00 2.74282480e+01
 7.04016930e-01 1.81051077e+00 2.74207929e+01
 7.68088202e-01 1.81311045e+00 2.74140101e+01
 8.32161949e-01 1.81549295e+00 2.74080486e+01
 8.96234276e-01 1.81761886e+00 2.74030571e+01
 9.60300777e-01 1.81944879e+00 2.73991845e+01
 1.02435654e+00 1.82094335e+00 2.73965796e+01
 1.08839613e+00 1.82206316e+00 2.73953911e+01
 1.15241362e+00 1.82276885e+00 2.73957677e+01
 1.21640258e+00 1.82302109e+00 2.73978579e+01
 1.28035605e+00 1.82278062e+00 2.74018100e+01
 1.34426658e+00 1.82200820e+00 2.74077722e+01
 1.40812623e+00 1.82066470e+00 2.74158923e+01
 1.47193604e+00 1.81883873e+00 2.74258351e+01
 1.53567125e+00 1.81627164e+00 2.74385780e+01
 1.59933563e+00 1.81309914e+00 2.74536080e+01
 1.66292422e+00 1.80933196e+00 2.74708844e+01
 1.72643219e+00 1.80498091e+00 2.74903663e+01
 1.78985486e+00 1.80005685e+00 2.75120124e+01
 1.85318770e+00 1.79457071e+00 2.75357813e+01
 1.91642632e+00 1.78853345e+00 2.75616314e+01
 1.97956649e+00 1.78195611e+00 2.75895210e+01
 2.04260410e+00 1.77484974e+00 2.76194081e+01
 2.10553521e+00 1.76722546e+00 2.76512506e+01
 2.16835604e+00 1.75909441e+00 2.76850064e+01
 2.23106292e+00 1.75046776e+00 2.77206330e+01
 2.29365237e+00 1.74135671e+00 2.77580880e+01
 2.35649417e+00 1.73488853e+00 2.77855576e+01
 2.41885219e+00 1.72486908e+00 2.78264412e+01
 2.48109591e+00 1.71449855e+00 2.78686493e+01
 2.54323302e+00 1.70386273e+00 2.79118578e+01
 2.60527231e+00 1.69304713e+00 2.79557435e+01
 2.66722361e+00 1.68213696e+00 2.79999846e+01
 2.72909783e+00 1.67121718e+00 2.80442602e+01
 2.79090695e+00 1.66037244e+00 2.80882504e+01
 2.85266398e+00 1.64968711e+00 2.81316367e+01
 2.91438297e+00 1.63924528e+00 2.81741015e+01
 2.97607906e+00 1.62913078e+00 2.82153282e+01
 3.03776840e+00 1.61942718e+00 2.82550013e+01
 3.09946820e+00 1.61021783e+00 2.82928061e+01
 3.16119669e+00 1.60158590e+00 2.83284286e+01
 3.22260300e+00 1.59137099e+00 2.83700278e+01
 3.28443759e+00 1.58412484e+00 2.84004139e+01
 3.34634197e+00 1.57758904e+00 2.84281162e+01
 3.40831734e+00 1.57173095e+00 2.84532581e+01
 3.47036448e+00 1.56651808e+00 2.84759625e+01
 3.53248381e+00 1.56191811e+00 2.84963515e+01
 3.59467532e+00 1.55789885e+00 2.85145469e+01
 3.65693864e+00 1.55442823e+00 2.85306699e+01
 3.71927298e+00 1.55147429e+00 2.85448413e+01
 3.78167716e+00 1.54900517e+00 2.85571816e+01
 3.84414962e+00 1.54698907e+00 2.85678108e+01
 3.90668838e+00 1.54539431e+00 2.85768489e+01
 3.96929109e+00 1.54418922e+00 2.85844153e+01
 4.03195498e+00 1.54334221e+00 2.85906295e+01
 4.09467688e+00 1.54282173e+00 2.85956107e+01
 4.15721198e+00 1.54146608e+00 2.86037447e+01
 4.22003560e+00 1.54150612e+00 2.86066094e+01
 4.28290635e+00 1.54178269e+00 2.86085810e+01
 4.34582009e+00 1.54226705e+00 2.86097681e+01
 4.40877233e+00 1.54293046e+00 2.86102793e+01
 4.47175821e+00 1.54374418e+00 2.86102231e+01
 4.53477250e+00 1.54467948e+00 2.86097080e+01
 4.59780958e+00 1.54570763e+00 2.86088424e+01
 4.66086349e+00 1.54679990e+00 2.86077348e+01
 4.72392788e+00 1.54792756e+00 2.86064938e+01
 4.78699602e+00 1.54906186e+00 2.86052278e+01
 4.85006082e+00 1.55017405e+00 2.86040452e+01
 4.91311481e+00 1.55123539e+00 2.86030547e+01
 4.97615016e+00 1.55221712e+00 2.86023648e+01
 5.03992164e+00 1.55604002e+00 2.85909517e+01
 5.10290711e+00 1.55678728e+00 2.85911470e+01
 5.16585815e+00 1.55740595e+00 2.85918276e+01
 5.22877331e+00 1.55789528e+00 2.85929963e+01
 5.29165114e+00 1.55825451e+00 2.85946560e+01
 5.35449016e+00 1.55848288e+00 2.85968095e+01
 5.41728891e+00 1.55857965e+00 2.85994595e+01
 5.48004590e+00 1.55854408e+00 2.86026089e+01
 5.54275965e+00 1.55837542e+00 2.86062603e+01
 5.60542864e+00 1.55807295e+00 2.86104166e+01
 5.66805137e+00 1.55763592e+00 2.86150804e+01
 5.73062633e+00 1.55706363e+00 2.86202545e+01
 5.79315200e+00 1.55635533e+00 2.86259415e+01
 5.85562683e+00 1.55551032e+00 2.86321442e+01
 5.91804930e+00 1.55452788e+00 2.86388651e+01
 5.97922178e+00 1.54951234e+00 2.86608026e+01
 6.04153230e+00 1.54828514e+00 2.86684462e+01
 6.10380304e+00 1.54697278e+00 2.86764107e+01
 6.16604158e+00 1.54560173e+00 2.86845964e+01
 6.22825580e+00 1.54419843e+00 2.86929034e+01
 6.29045392e+00 1.54278931e+00 2.87012321e+01
 6.35264453e+00 1.54140078e+00 2.87094827e+01
 6.41483652e+00 1.54005923e+00 2.87175557e+01
 6.47703913e+00 1.53879106e+00 2.87253517e+01
 6.53926194e+00 1.53762264e+00 2.87327710e+01
 6.60151485e+00 1.53658031e+00 2.87397144e+01
 6.66380811e+00 1.53569044e+00 2.87460825e+01
 6.72615230e+00 1.53497937e+00 2.87517759e+01
 6.78855836e+00 1.53447344e+00 2.87566953e+01
 6.85099172e+00 1.53406891e+00 2.87612320e+01
 6.91354349e+00 1.53401929e+00 2.87644299e+01
 6.97616442e+00 1.53417778e+00 2.87668428e+01
 7.03884956e+00 1.53452509e+00 2.87685434e+01
 7.10159371e+00 1.53504195e+00 2.87696045e+01
 7.16439139e+00 1.53570909e+00 2.87700988e+01
 7.22723692e+00 1.53650728e+00 2.87700990e+01
 7.29012433e+00 1.53741724e+00 2.87696776e+01
 7.35304744e+00 1.53841972e+00 2.87689073e+01
 7.41599980e+00 1.53949547e+00 2.87678608e+01
 7.47897471e+00 1.54062523e+00 2.87666106e+01
 7.54196523e+00 1.54178975e+00 2.87652295e+01
 7.60496416e+00 1.54296976e+00 2.87637901e+01
 7.66796406e+00 1.54414599e+00 2.87623650e+01
 7.73129671e+00 1.54615351e+00 2.87578053e+01
 7.79428922e+00 1.54729246e+00 2.87565210e+01
 7.85729792e+00 1.54846607e+00 2.87551061e+01
 7.92034468e+00 1.54972727e+00 2.87533610e+01
 7.98345208e+00 1.55112902e+00 2.87510861e+01
 8.04664337e+00 1.55272427e+00 2.87480818e+01
 8.10994251e+00 1.55456602e+00 2.87441482e+01
 8.17337413e+00 1.55670727e+00 2.87390856e+01
 8.23696358e+00 1.55920111e+00 2.87326940e+01
 8.30073693e+00 1.56210066e+00 2.87247732e+01
 8.36472093e+00 1.56545910e+00 2.87151228e+01
 8.42894308e+00 1.56932972e+00 2.87035419e+01
 8.49343162e+00 1.57376592e+00 2.86898294e+01
 8.55821551e+00 1.57882122e+00 2.86737838e+01
 8.62332448e+00 1.58454931e+00 2.86552027e+01
 8.69225264e+00 1.59877570e+00 2.86045878e+01
 8.75809651e+00 1.60593856e+00 2.85806007e+01
 8.82429972e+00 1.61380557e+00 2.85539605e+01
 8.89086390e+00 1.62236543e+00 2.85247099e+01
 8.95779060e+00 1.63160689e+00 2.84928914e+01
 9.02508124e+00 1.64151879e+00 2.84585474e+01
 9.09273713e+00 1.65209003e+00 2.84217198e+01
 9.16075946e+00 1.66330958e+00 2.83824502e+01
 9.22914933e+00 1.67516647e+00 2.83407804e+01
 9.29790770e+00 1.68764977e+00 2.82967515e+01
 9.36703540e+00 1.70074859e+00 2.82504048e+01
 9.43653317e+00 1.71445211e+00 2.82017812e+01
 9.50640160e+00 1.72874952e+00 2.81509216e+01
 9.57664118e+00 1.74363003e+00 2.80978667e+01
 9.64627787e+00 1.75709737e+00 2.80501396e+01
 9.71723983e+00 1.77308268e+00 2.79929260e+01
 9.78854242e+00 1.78955660e+00 2.79338736e+01
 9.86016621e+00 1.80647086e+00 2.78731645e+01
 9.93209101e+00 1.82377699e+00 2.78109814e+01
 1.00042959e+01 1.84142629e+00 2.77475079e+01
 1.00767593e+01 1.85936988e+00 2.76829283e+01
 1.01494589e+01 1.87755859e+00 2.76174279e+01
 1.02223713e+01 1.89594303e+00 2.75511929e+01
 1.02954728e+01 1.91447357e+00 2.74844102e+01
 1.03687385e+01 1.93310029e+00 2.74172681e+01
 1.04421432e+01 1.95177300e+00 2.73499555e+01
 1.05156604e+01 1.97044127e+00 2.72826626e+01
 1.05892631e+01 1.98905437e+00 2.72155804e+01
 1.06634532e+01 2.00854986e+00 2.71451769e+01
 1.07371497e+01 2.02690681e+00 2.70790655e+01
 1.08108572e+01 2.04507571e+00 2.70136654e+01
 1.08845541e+01 2.06302055e+00 2.69491121e+01
 1.09582184e+01 2.08070513e+00 2.68855420e+01
 1.10318276e+01 2.09809310e+00 2.68230919e+01
 1.11053585e+01 2.11514794e+00 2.67618993e+01
 1.11787874e+01 2.13183300e+00 2.67021022e+01
 1.12520900e+01 2.14811147e+00 2.66438392e+01
 1.13252417e+01 2.16394640e+00 2.65872493e+01
 1.13982170e+01 2.17930075e+00 2.65324720e+01
 1.14709901e+01 2.19413734e+00 2.64796470e+01
 1.15435346e+01 2.20841891e+00 2.64289148e+01
 1.16158235e+01 2.22210813e+00 2.63804156e+01
 1.16878295e+01 2.23516758e+00 2.63342904e+01
