 -1.16992901e+01 -5.89382279e-01 2.66791153e+01
 -1.16439888e+01 -5.74175220e-01 2.66185776e+01
 -1.15856439e+01 -5.63692702e-01 2.65772106e+01
 -1.15245395e+01 -5.57555005e-01 2.65534733e+01
 -1.14609582e+01 -5.55376891e-01 2.65458021e+01
 -1.13951795e+01 -5.56768878e-01 2.65526164e+01
 -1.13274796e+01 -5.61338409e-01 2.65723230e+01
 -1.12581302e+01 -5.68690900e-01 2.66033206e+01
 -1.11873985e+01 -5.78430674e-01 2.66440037e+01
 -1.11155460e+01 -5.90161773e-01 2.66927654e+01
 -1.10428286e+01 -6.03488640e-01 2.67480008e+01
 -1.09694962e+01 -6.18016682e-01 2.68081087e+01
 -1.08957924e+01 -6.33352705e-01 2.68714936e+01
 -1.08219540e+01 -6.49105228e-01 2.69365674e+01
 -1.07482117e+01 -6.64884667e-01 2.70017493e+01
 -1.06747894e+01 -6.80303404e-01 2.70654668e+01
 -1.06019044e+01 -6.94975730e-01 2.71261550e+01
 -1.05295833e+01 -7.08841733e-01 2.71835710e+01
 -1.04582279e+01 -7.21176792e-01 2.72347750e+01
 -1.03875932e+01 -7.32388011e-01 2.72814189e+01
 -1.03176092e+01 -7.42579459e-01 2.73239250e+01
 -1.02482077e+01 -7.51854599e-01 2.73627130e+01
 -1.01793223e+01 -7.60316366e-01 2.73982006e+01
 -1.01108881e+01 -7.68067246e-01 2.74308037e+01
 -1.00428420e+01 -7.75209329e-01 2.74609366e+01
 -9.97512253e+00 -7.81844373e-01 2.74890121e+01
 -9.90766973e+00 -7.88073840e-01 2.75154418e+01
 -9.84042517e+00 -7.93998939e-01 2.75406364e+01
 -9.77333199e+00 -7.99720654e-01 2.75650055e+01
 -9.70633481e+00 -8.05339765e-01 2.75889579e+01
 -9.63937978e+00 -8.10956857e-01 2.76129018e+01
 -9.57241455e+00 -8.16672331e-01 2.76372444e+01
 -9.50538824e+00 -8.22586393e-01 2.76623922e+01
 -9.43783495e+00 -8.29608890e-01 2.76920360e+01
 -9.37055939e+00 -8.36187284e-01 2.77198777e+01
 -9.30315122e+00 -8.43121184e-01 2.77491611e+01
 -9.23562546e+00 -8.50388112e-01 2.77797949e+01
 -9.16799684e+00 -8.57965613e-01 2.78116880e+01
 -9.10027973e+00 -8.65831264e-01 2.78447494e+01
 -9.03248818e+00 -8.73962676e-01 2.78788883e+01
 -8.96463593e+00 -8.82337502e-01 2.79140140e+01
 -8.89673636e+00 -8.90933441e-01 2.79500360e+01
 -8.82880253e+00 -8.99728240e-01 2.79868640e+01
 -8.76084715e+00 -9.08699700e-01 2.80244079e+01
 -8.69288261e+00 -9.17825677e-01 2.80625780e+01
 -8.62492096e+00 -9.27084088e-01 2.81012847e+01
 -8.55697390e+00 -9.36452910e-01 2.81404386e+01
 -8.48905283e+00 -9.45910185e-01 2.81799506e+01
 -8.42116876e+00 -9.55434021e-01 2.82197319e+01
 -8.35333241e+00 -9.65002591e-01 2.82596940e+01
 -8.28858139e+00 -9.67943865e-01 2.82727757e+01
 -8.22085084e+00 -9.77530692e-01 2.83128108e+01
 -8.15320872e+00 -9.87073420e-01 2.83526664e+01
 -8.08567018e+00 -9.96536968e-01 2.83922002e+01
 -8.01824983e+00 -1.00588636e+00 2.84312704e+01
 -7.95096173e+00 -1.01508674e+00 2.84697356e+01
 -7.88381943e+00 -1.02410333e+00 2.85074548e+01
 -7.81683595e+00 -1.03290147e+00 2.85442873e+01
 -7.75002378e+00 -1.04144659e+00 2.85800932e+01
 -7.68339491e+00 -1.04970418e+00 2.86147323e+01
 -7.61696079e+00 -1.05763984e+00 2.86480653e+01
 -7.55073239e+00 -1.06521922e+00 2.86799528e+01
 -7.48472018e+00 -1.07240803e+00 2.87102559e+01
 -7.41893410e+00 -1.07917203e+00 2.87388356e+01
 -7.35338363e+00 -1.08547703e+00 2.87655534e+01
 -7.28807776e+00 -1.09128883e+00 2.87902707e+01
 -7.21938681e+00 -1.10567882e+00 2.88497755e+01
 -7.15461869e+00 -1.11042229e+00 2.88701592e+01
 -7.09008658e+00 -1.11465367e+00 2.88884659e+01
 -7.02577420e+00 -1.11840106e+00 2.89048096e+01
 -6.96166569e+00 -1.12169248e+00 2.89193040e+01
 -6.89774562e+00 -1.12455587e+00 2.89320624e+01
 -6.83399897e+00 -1.12701907e+00 2.89431977e+01
 -6.77041115e+00 -1.12910989e+00 2.89528228e+01
 -6.70696795e+00 -1.13085605e+00 2.89610501e+01
 -6.64365558e+00 -1.13228524e+00 2.89679920e+01
 -6.58046066e+00 -1.13342512e+00 2.89737606e+01
 -6.51737019e+00 -1.13430329e+00 2.89784678e+01
 -6.45437156e+00 -1.13494735e+00 2.89822256e+01
 -6.39145257e+00 -1.13538485e+00 2.89851459e+01
 -6.32860140e+00 -1.13564335e+00 2.89873402e+01
 -6.26580661e+00 -1.13575038e+00 2.89889203e+01
 -6.20305715e+00 -1.13573346e+00 2.89899977e+01
 -6.14087943e+00 -1.13404259e+00 2.89842876e+01
 -6.07819133e+00 -1.13383728e+00 2.89846013e+01
 -6.01553170e+00 -1.13354823e+00 2.89845754e+01
 -5.95289786e+00 -1.13318087e+00 2.89842319e+01
 -5.89028724e+00 -1.13274062e+00 2.89835929e+01
 -5.82769732e+00 -1.13223290e+00 2.89826804e+01
 -5.76512566e+00 -1.13166313e+00 2.89815163e+01
 -5.70256990e+00 -1.13103674e+00 2.89801226e+01
 -5.64002776e+00 -1.13035916e+00 2.89785214e+01
 -5.57749703e+00 -1.12963579e+00 2.89767346e+01
 -5.51497557e+00 -1.12887207e+00 2.89747842e+01
 -5.45246132e+00 -1.12807341e+00 2.89726922e+01
 -5.38995230e+00 -1.12724525e+00 2.89704806e+01
 -5.32744660e+00 -1.12639300e+00 2.89681715e+01
 -5.26494238e+00 -1.12552210e+00 2.89657867e+01
 -5.20243789e+00 -1.12463796e+00 2.89633483e+01
 -5.13948613e+00 -1.12530945e+00 2.89672169e+01
 -5.07698414e+00 -1.12440592e+00 2.89646999e+01
 -5.01448415e+00 -1.12347964e+00 2.89620907e+01
 -4.95198917e+00 -1.12251884e+00 2.89593416e+01
 -4.88950202e+00 -1.12151172e+00 2.89564048e+01
 -4.82702537e+00 -1.12044651e+00 2.89532325e+01
 -4.76456172e+00 -1.11931141e+00 2.89497769e+01
 -4.70211343e+00 -1.11809462e+00 2.89459903e+01
 -4.63968268e+00 -1.11678436e+00 2.89418247e+01
 -4.57727148e+00 -1.11536881e+00 2.89372324e+01
 -4.51488168e+00 -1.11383616e+00 2.89321654e+01
 -4.45251499e+00 -1.11217459e+00 2.89265759e+01
 -4.39017294e+00 -1.11037226e+00 2.89204159e+01
 -4.32785690e+00 -1.10841734e+00 2.89136373e+01
 -4.26556807e+00 -1.10629797e+00 2.89061923e+01
 -4.20330751e+00 -1.10400227e+00 2.88980325e+01
 -4.14148211e+00 -1.09974710e+00 2.88819297e+01
 -4.07927137e+00 -1.09707658e+00 2.88722509e+01
 -4.01707536e+00 -1.09426515e+00 2.88620010e+01
 -3.95488085e+00 -1.09136657e+00 2.88513980e+01
 -3.89267533e+00 -1.08843467e+00 2.88406601e+01
 -3.83044706e+00 -1.08552332e+00 2.88300057e+01
 -3.76818500e+00 -1.08268643e+00 2.88196533e+01
 -3.70587888e+00 -1.07997797e+00 2.88098217e+01
 -3.64351916e+00 -1.07745194e+00 2.88007297e+01
 -3.58109705e+00 -1.07516238e+00 2.87925964e+01
 -3.51860449e+00 -1.07316335e+00 2.87856409e+01
 -3.45603419e+00 -1.07150894e+00 2.87800824e+01
 -3.39337959e+00 -1.07025321e+00 2.87761400e+01
 -3.33063491e+00 -1.06945023e+00 2.87740327e+01
 -3.26779511e+00 -1.06915401e+00 2.87739797e+01
 -3.20485591e+00 -1.06941854e+00 2.87761994e+01
 -3.14181379e+00 -1.07029770e+00 2.87809104e+01
 -3.07776756e+00 -1.07712554e+00 2.88097325e+01
 -3.01455237e+00 -1.07926394e+00 2.88195471e+01
 -2.95127645e+00 -1.08187753e+00 2.88312875e+01
 -2.88796495e+00 -1.08483986e+00 2.88444412e+01
 -2.82464124e+00 -1.08802456e+00 2.88584960e+01
 -2.76132694e+00 -1.09130539e+00 2.88729401e+01
 -2.69804188e+00 -1.09455624e+00 2.88872626e+01
 -2.63480411e+00 -1.09765114e+00 2.89009527e+01
 -2.57162992e+00 -1.10046427e+00 2.89135006e+01
 -2.50853383e+00 -1.10286988e+00 2.89243967e+01
 -2.44552862e+00 -1.10474233e+00 2.89331318e+01
 -2.38262531e+00 -1.10595597e+00 2.89391966e+01
 -2.31983318e+00 -1.10638514e+00 2.89420821e+01
 -2.25715977e+00 -1.10590406e+00 2.89412785e+01
 -2.19461091e+00 -1.10438676e+00 2.89362754e+01
 -2.13219071e+00 -1.10170695e+00 2.89265610e+01
 -2.06957968e+00 -1.10054740e+00 2.89230079e+01
 -2.00742254e+00 -1.09524776e+00 2.89026765e+01
 -1.94536146e+00 -1.08873182e+00 2.88774163e+01
 -1.88336981e+00 -1.08113378e+00 2.88477712e+01
 -1.82142279e+00 -1.07258782e+00 2.88142851e+01
 -1.75949747e+00 -1.06322829e+00 2.87775025e+01
 -1.69757277e+00 -1.05318973e+00 2.87379688e+01
 -1.63562943e+00 -1.04260701e+00 2.86962305e+01
 -1.57365005e+00 -1.03161535e+00 2.86528357e+01
 -1.51161908e+00 -1.02035041e+00 2.86083342e+01
 -1.44952279e+00 -1.00894832e+00 2.85632777e+01
 -1.38734932e+00 -9.97545687e-01 2.85182196e+01
 -1.32508868e+00 -9.86279621e-01 2.84737158e+01
 -1.26273273e+00 -9.75287718e-01 2.84303236e+01
 -1.20027523e+00 -9.64708040e-01 2.83886025e+01
 -1.13771182e+00 -9.54679078e-01 2.83491138e+01
 -1.07504003e+00 -9.45339699e-01 2.83124200e+01
 -1.01227277e+00 -9.36587096e-01 2.82781044e+01
 -9.49392645e-01 -9.28872732e-01 2.82479965e+01
 -8.86423539e-01 -9.21927489e-01 2.82210056e+01
 -8.23375526e-01 -9.15705819e-01 2.81969471e+01
 -7.60258050e-01 -9.10161954e-01 2.81756354e+01
 -6.97079925e-01 -9.05249928e-01 2.81568842e+01
 -6.33849336e-01 -9.00923600e-01 2.81405066e+01
 -5.70573830e-01 -8.97136683e-01 2.81263149e+01
 -5.07260314e-01 -8.93842759e-01 2.81141209e+01
 -4.43915053e-01 -8.90995299e-01 2.81037361e+01
 -3.80543671e-01 -8.88547685e-01 2.80949716e+01
 -3.17151140e-01 -8.86453221e-01 2.80876382e+01
 -2.53741789e-01 -8.84665149e-01 2.80815462e+01
 -1.90319295e-01 -8.83136662e-01 2.80765062e+01
 -1.26886689e-01 -8.81820914e-01 2.80723281e+01
 -6.34463483e-02 -8.80671031e-01 2.80688222e+01
 0.00000000e+00 -8.82591012e-01 2.80777541e+01
 6.34409647e-02 -8.81652843e-01 2.80751060e+01
 1.26885855e-01 -8.80802754e-01 2.80728147e+01
 1.90333781e-01 -8.80038271e-01 2.80708704e+01
 2.53783883e-01 -8.79356918e-01 2.80692628e+01
 3.17235340e-01 -8.78756218e-01 2.80679821e+01
 3.80687364e-01 -8.78233691e-01 2.80670181e+01
 4.44139200e-01 -8.77786857e-01 2.80663607e+01
 5.07590129e-01 -8.77413231e-01 2.80660000e+01
 5.71039468e-01 -8.77110330e-01 2.80659258e+01
 6.34486565e-01 -8.76875667e-01 2.80661280e+01
 6.97930805e-01 -8.76706757e-01 2.80665967e+01
 7.61371607e-01 -8.76601110e-01 2.80673216e+01
 8.24808425e-01 -8.76556239e-01 2.80682927e+01
 8.88240747e-01 -8.76569652e-01 2.80695000e+01
 9.51668095e-01 -8.76638860e-01 2.80709332e+01
 1.01522375e+00 -8.74353308e-01 2.80628272e+01
 1.07864777e+00 -8.74534181e-01 2.80647128e+01
 1.14206273e+00 -8.74808453e-01 2.80669768e+01
 1.20546484e+00 -8.75218693e-01 2.80697915e+01
 1.26884974e+00 -8.75807458e-01 2.80733294e+01
 1.33221246e+00 -8.76617290e-01 2.80777628e+01
 1.39554746e+00 -8.77690703e-01 2.80832638e+01
 1.45884861e+00 -8.79070182e-01 2.80900046e+01
 1.52210919e+00 -8.80798170e-01 2.80981570e+01
 1.58532188e+00 -8.82917055e-01 2.81078927e+01
 1.64847880e+00 -8.85469159e-01 2.81193831e+01
 1.71157149e+00 -8.88496726e-01 2.81327993e+01
 1.77459090e+00 -8.92041902e-01 2.81483120e+01
 1.83752741e+00 -8.96146724e-01 2.81660913e+01
 1.90037084e+00 -9.00853096e-01 2.81863070e+01
 1.96311043e+00 -9.06202772e-01 2.82091281e+01
 2.02573488e+00 -9.12237335e-01 2.82347230e+01
 2.08712370e+00 -9.28678835e-01 2.83024709e+01
 2.14945895e+00 -9.36115275e-01 2.83337429e+01
 2.21166876e+00 -9.44143432e-01 2.83674111e+01
 2.27375889e+00 -9.52668011e-01 2.84030895e+01
 2.33573637e+00 -9.61593912e-01 2.84403928e+01
 2.39760954e+00 -9.70826266e-01 2.84789367e+01
 2.45938802e+00 -9.80270465e-01 2.85183381e+01
 2.52108270e+00 -9.89832177e-01 2.85582148e+01
 2.58270573e+00 -9.99417361e-01 2.85981859e+01
 2.64427054e+00 -1.00893227e+00 2.86378718e+01
 2.70579180e+00 -1.01828346e+00 2.86768939e+01
 2.76728544e+00 -1.02737775e+00 2.87148749e+01
 2.82876865e+00 -1.03612225e+00 2.87514386e+01
 2.89025984e+00 -1.04442431e+00 2.87862097e+01
 2.95177871e+00 -1.05219147e+00 2.88188140e+01
 3.01334619e+00 -1.05933149e+00 2.88488778e+01
 3.07630023e+00 -1.05801332e+00 2.88446856e+01
 3.13805122e+00 -1.06367099e+00 2.88687452e+01
 3.19988604e+00 -1.06862212e+00 2.88899431e+01
 3.26179816e+00 -1.07294354e+00 2.89085903e+01
 3.32378005e+00 -1.07671188e+00 2.89249974e+01
 3.38582315e+00 -1.08000357e+00 2.89394738e+01
 3.44791785e+00 -1.08289491e+00 2.89523287e+01
 3.51005352e+00 -1.08546206e+00 2.89638705e+01
 3.57221849e+00 -1.08778112e+00 2.89744074e+01
 3.63440004e+00 -1.08992806e+00 2.89842471e+01
 3.69658444e+00 -1.09197882e+00 2.89936972e+01
 3.75875687e+00 -1.09400927e+00 2.90030649e+01
 3.82090152e+00 -1.09609522e+00 2.90126571e+01
 3.88300150e+00 -1.09831243e+00 2.90227808e+01
 3.94503891e+00 -1.10073660e+00 2.90337424e+01
 4.00699481e+00 -1.10344334e+00 2.90458481e+01
 4.06884922e+00 -1.10650820e+00 2.90594037e+01
 4.12965735e+00 -1.11404110e+00 2.90910522e+01
 4.19125739e+00 -1.11793388e+00 2.91079598e+01
 4.25274739e+00 -1.12217036e+00 2.91262590e+01
 4.31413861e+00 -1.12668860e+00 2.91456988e+01
 4.37544315e+00 -1.13142672e+00 2.91660287e+01
 4.43667393e+00 -1.13632292e+00 2.91869983e+01
 4.49784473e+00 -1.14131551e+00 2.92083579e+01
 4.55897014e+00 -1.14634287e+00 2.92298580e+01
 4.62006559e+00 -1.15134352e+00 2.92512495e+01
 4.68114734e+00 -1.15625606e+00 2.92722839e+01
 4.74223245e+00 -1.16101920e+00 2.92927131e+01
 4.80333884e+00 -1.16557174e+00 2.93122892e+01
 4.86448522e+00 -1.16985257e+00 2.93307648e+01
 4.92569116e+00 -1.17380064e+00 2.93478928e+01
 4.98697703e+00 -1.17735498e+00 2.93634263e+01
 5.04836405e+00 -1.18045464e+00 2.93771186e+01
 5.11072009e+00 -1.18006519e+00 2.93766836e+01
 5.17237583e+00 -1.18211068e+00 2.93861074e+01
 5.23416391e+00 -1.18364661e+00 2.93934679e+01
 5.29607931e+00 -1.18470795e+00 2.93989068e+01
 5.35811655e+00 -1.18532962e+00 2.94025654e+01
 5.42026970e+00 -1.18554649e+00 2.94045851e+01
 5.48253233e+00 -1.18539334e+00 2.94051067e+01
 5.54489755e+00 -1.18490497e+00 2.94042710e+01
 5.60735801e+00 -1.18411611e+00 2.94022188e+01
 5.66990586e+00 -1.18306150e+00 2.93990907e+01
 5.73253280e+00 -1.18177585e+00 2.93950273e+01
 5.79523001e+00 -1.18029388e+00 2.93901691e+01
 5.85798824e+00 -1.17865032e+00 2.93846569e+01
 5.92079770e+00 -1.17687990e+00 2.93786311e+01
 5.98364815e+00 -1.17501737e+00 2.93722325e+01
 6.04652885e+00 -1.17309748e+00 2.93656018e+01
 6.10942857e+00 -1.17115501e+00 2.93588799e+01
 6.17171487e+00 -1.17103258e+00 2.93595261e+01
 6.23461572e+00 -1.16913505e+00 2.93529863e+01
 6.29750846e+00 -1.16729262e+00 2.93466696e+01
 6.36038514e+00 -1.16552617e+00 2.93406606e+01
 6.42323751e+00 -1.16385659e+00 2.93350438e+01
 6.48605701e+00 -1.16230476e+00 2.93299038e+01
 6.54883482e+00 -1.16089159e+00 2.93253252e+01
 6.61156182e+00 -1.15963798e+00 2.93213925e+01
 6.67422857e+00 -1.15856483e+00 2.93181905e+01
 6.73682539e+00 -1.15769305e+00 2.93158037e+01
 6.79934227e+00 -1.15704353e+00 2.93143167e+01
 6.86176893e+00 -1.15663717e+00 2.93138140e+01
 6.92409481e+00 -1.15649485e+00 2.93143801e+01
 6.98630907e+00 -1.15663743e+00 2.93160994e+01
 7.04840056e+00 -1.15708575e+00 2.93190563e+01
 7.11035790e+00 -1.15786062e+00 2.93233350e+01
 7.17330861e+00 -1.15612626e+00 2.93174568e+01
 7.23499141e+00 -1.15756878e+00 2.93244379e+01
 7.29655855e+00 -1.15926690e+00 2.93324536e+01
 7.35803524e+00 -1.16115252e+00 2.93412281e+01
 7.41944763e+00 -1.16315757e+00 2.93504858e+01
 7.48082279e+00 -1.16521400e+00 2.93599513e+01
 7.54218871e+00 -1.16725384e+00 2.93693496e+01
 7.60357430e+00 -1.16920915e+00 2.93784056e+01
 7.66500939e+00 -1.17101205e+00 2.93868446e+01
 7.72652475e+00 -1.17259469e+00 2.93943919e+01
 7.78815206e+00 -1.17388925e+00 2.94007730e+01
 7.84992394e+00 -1.17482793e+00 2.94057137e+01
 7.91187395e+00 -1.17534291e+00 2.94089394e+01
 7.97403659e+00 -1.17536637e+00 2.94101757e+01
 8.03644735e+00 -1.17483043e+00 2.94091479e+01
 8.09914266e+00 -1.17366713e+00 2.94055809e+01
 8.16002711e+00 -1.17650385e+00 2.94182033e+01
 8.22337559e+00 -1.17390990e+00 2.94088462e+01
 8.28705885e+00 -1.17062472e+00 2.93966916e+01
 8.35105563e+00 -1.16670955e+00 2.93819876e+01
 8.41534381e+00 -1.16222561e+00 2.93649819e+01
 8.47990043e+00 -1.15723413e+00 2.93459224e+01
 8.54470167e+00 -1.15179635e+00 2.93250570e+01
 8.60972284e+00 -1.14597358e+00 2.93026339e+01
 8.67493834e+00 -1.13982720e+00 2.92789015e+01
 8.74032172e+00 -1.13341867e+00 2.92541085e+01
 8.80584558e+00 -1.12680956e+00 2.92285043e+01
 8.87148165e+00 -1.12006157e+00 2.92023383e+01
 8.93720070e+00 -1.11323651e+00 2.91758610e+01
 9.00297262e+00 -1.10639632e+00 2.91493228e+01
 9.06876636e+00 -1.09960310e+00 2.91229752e+01
 9.13454992e+00 -1.09291904e+00 2.90970697e+01
 9.20029040e+00 -1.08640651e+00 2.90718588e+01
 9.26998806e+00 -1.07226597e+00 2.90157798e+01
 9.33561307e+00 -1.06619516e+00 2.89923575e+01
 9.40119338e+00 -1.06028736e+00 2.89695952e+01
 9.46675628e+00 -1.05448724e+00 2.89472690e+01
 9.53232985e+00 -1.04873938e+00 2.89251547e+01
 9.59794301e+00 -1.04298824e+00 2.89030274e+01
 9.66362548e+00 -1.03717818e+00 2.88806621e+01
 9.72940784e+00 -1.03125347e+00 2.88578333e+01
 9.79532147e+00 -1.02515825e+00 2.88343148e+01
 9.86139861e+00 -1.01883659e+00 2.88098805e+01
 9.92767231e+00 -1.01223239e+00 2.87843033e+01
 9.99417650e+00 -1.00528945e+00 2.87573558e+01
 1.00609459e+01 -9.97951409e-01 2.87288101e+01
 1.01280163e+01 -9.90161740e-01 2.86984374e+01
 1.01954241e+01 -9.81863737e-01 2.86660083e+01
 1.02632068e+01 -9.73000488e-01 2.86312927e+01
 1.03292943e+01 -9.67223601e-01 2.86090656e+01
 1.03979046e+01 -9.57102403e-01 2.85692612e+01
 1.04669156e+01 -9.46403319e-01 2.85271191e+01
 1.05362927e+01 -9.35196356e-01 2.84829228e+01
 1.06060003e+01 -9.23551707e-01 2.84369564e+01
 1.06760017e+01 -9.11539773e-01 2.83895046e+01
 1.07462591e+01 -8.99231195e-01 2.83408534e+01
 1.08167336e+01 -8.86696864e-01 2.82912895e+01
 1.08873851e+01 -8.74007943e-01 2.82411011e+01
 1.09581723e+01 -8.61235876e-01 2.81905770e+01
 1.10290528e+01 -8.48452395e-01 2.81400076e+01
 1.10999831e+01 -8.35729521e-01 2.80896842e+01
 1.11709184e+01 -8.23139570e-01 2.80398994e+01
 1.12418128e+01 -8.10755139e-01 2.79909469e+01
 1.13126192e+01 -7.98649102e-01 2.79431215e+01
 1.13832894e+01 -7.86894594e-01 2.78967191e+01
 1.14537738e+01 -7.75564994e-01 2.78520365e+01
 1.15321550e+01 -7.51769869e-01 2.77569235e+01
 1.16022301e+01 -7.41399878e-01 2.77161250e+01
 1.16720910e+01 -7.31477758e-01 2.76771390e+01
 1.17417551e+01 -7.21968681e-01 2.76398247e+01
 1.18112407e+01 -7.12837671e-01 2.76040404e+01
 1.18805664e+01 -7.04049612e-01 2.75696441e+01
 1.19497515e+01 -6.95569259e-01 2.75364932e+01
 1.20188159e+01 -6.87361249e-01 2.75044446e+01
 1.20877799e+01 -6.79390105e-01 2.74733547e+01
 1.21566646e+01 -6.71620249e-01 2.74430796e+01
 1.22254915e+01 -6.64016001e-01 2.74134749e+01
 1.22942826e+01 -6.56541591e-01 2.73843959e+01
 1.23630606e+01 -6.49161159e-01 2.73556976e+01
 1.24318486e+01 -6.41838760e-01 2.73272345e+01
 1.25006705e+01 -6.34538364e-01 2.72988609e+01
 1.25695506e+01 -6.27223861e-01 2.72704307e+01
 1.26336082e+01 -6.27044015e-01 2.72708615e+01
 1.27026843e+01 -6.19549531e-01 2.72417039e+01
 1.27719950e+01 -6.11787209e-01 2.72114634e+01
 1.28416395e+01 -6.03617991e-01 2.71795775e+01
 1.29117190e+01 -5.94902437e-01 2.71454821e+01
 1.29823373e+01 -5.85500665e-01 2.71086117e+01
 1.30536001e+01 -5.75272286e-01 2.70683982e+01
 1.31256157e+01 -5.64076320e-01 2.70242716e+01
 1.31984949e+01 -5.51771092e-01 2.69756590e+01
 1.32723508e+01 -5.38214120e-01 2.69219840e+01
 1.33472992e+01 -5.23261974e-01 2.68626668e+01
 1.34234590e+01 -5.06770132e-01 2.67971228e+01
 1.35009515e+01 -4.88592811e-01 2.67247625e+01
 1.35799015e+01 -4.68582775e-01 2.66449907e+01
 1.36604368e+01 -4.46591138e-01 2.65572053e+01
 1.37426888e+01 -4.22467138e-01 2.64607966e+01
 1.38267923e+01 -3.96057891e-01 2.63551467e+01
