 -1.38404457e+01 -3.47882238e+00 2.62803276e+01
 -1.38017176e+01 -3.44566139e+00 2.61357988e+01
 -1.37549931e+01 -3.42217265e+00 2.60341346e+01
 -1.37010009e+01 -3.40758101e+00 2.59718979e+01
 -1.36404781e+01 -3.40108533e+00 2.59455370e+01
 -1.35741659e+01 -3.40186443e+00 2.59514114e+01
 -1.35028039e+01 -3.40908261e+00 2.59858164e+01
 -1.34271268e+01 -3.42189456e+00 2.60450054e+01
 -1.33478604e+01 -3.43944981e+00 2.61252088e+01
 -1.32657185e+01 -3.46089646e+00 2.62226510e+01
 -1.31814006e+01 -3.48538438e+00 2.63335646e+01
 -1.30955901e+01 -3.51206773e+00 2.64542014e+01
 -1.30089526e+01 -3.54010685e+00 2.65808409e+01
 -1.29221354e+01 -3.56866955e+00 2.67097957e+01
 -1.28357668e+01 -3.59693175e+00 2.68374150e+01
 -1.27504566e+01 -3.62407753e+00 2.69600839e+01
 -1.26667964e+01 -3.64929864e+00 2.70742222e+01
 -1.25853607e+01 -3.67179334e+00 2.71762784e+01
 -1.25086735e+01 -3.68810880e+00 2.72509572e+01
 -1.24330743e+01 -3.70312110e+00 2.73198605e+01
 -1.23602660e+01 -3.71448470e+00 2.73725982e+01
 -1.22899071e+01 -3.72261139e+00 2.74109955e+01
 -1.22216651e+01 -3.72790877e+00 2.74368584e+01
 -1.21552159e+01 -3.73078131e+00 2.74519793e+01
 -1.20902434e+01 -3.73163129e+00 2.74581407e+01
 -1.20264385e+01 -3.73085957e+00 2.74571186e+01
 -1.19634987e+01 -3.72886627e+00 2.74506856e+01
 -1.19011278e+01 -3.72605124e+00 2.74406132e+01
 -1.18390358e+01 -3.72281442e+00 2.74286729e+01
 -1.17769382e+01 -3.71955607e+00 2.74166376e+01
 -1.17145567e+01 -3.71667686e+00 2.74062820e+01
 -1.16516186e+01 -3.71457776e+00 2.73993820e+01
 -1.15878574e+01 -3.71365990e+00 2.73977138e+01
 -1.15230128e+01 -3.71432418e+00 2.74030528e+01
 -1.14568309e+01 -3.71697078e+00 2.74171710e+01
 -1.13890651e+01 -3.72199858e+00 2.74418345e+01
 -1.13170551e+01 -3.73340929e+00 2.74947649e+01
 -1.12456537e+01 -3.74404484e+00 2.75442607e+01
 -1.11726615e+01 -3.75720445e+00 2.76049326e+01
 -1.10983327e+01 -3.77254659e+00 2.76752678e+01
 -1.10229161e+01 -3.78973016e+00 2.77537552e+01
 -1.09466546e+01 -3.80841515e+00 2.78388886e+01
 -1.08697851e+01 -3.82826305e+00 2.79291688e+01
 -1.07925377e+01 -3.84893732e+00 2.80231053e+01
 -1.07151362e+01 -3.87010363e+00 2.81192174e+01
 -1.06377978e+01 -3.89143008e+00 2.82160355e+01
 -1.05607331e+01 -3.91258727e+00 2.83121008e+01
 -1.04841458e+01 -3.93324829e+00 2.84059659e+01
 -1.04082335e+01 -3.95308863e+00 2.84961941e+01
 -1.03331873e+01 -3.97178600e+00 2.85813585e+01
 -1.02591922e+01 -3.98901998e+00 2.86600408e+01
 -1.01864275e+01 -4.00447172e+00 2.87308295e+01
 -1.01150669e+01 -4.01782344e+00 2.87923180e+01
 -1.00452790e+01 -4.02875785e+00 2.88431020e+01
 -9.98562462e+00 -4.02303451e+00 2.88201351e+01
 -9.91915900e+00 -4.02861076e+00 2.88471951e+01
 -9.85414458e+00 -4.03182806e+00 2.88638107e+01
 -9.79037455e+00 -4.03299050e+00 2.88713286e+01
 -9.72764751e+00 -4.03240074e+00 2.88710893e+01
 -9.66576722e+00 -4.03036057e+00 2.88644291e+01
 -9.60454230e+00 -4.02717128e+00 2.88526822e+01
 -9.54378601e+00 -4.02313406e+00 2.88371820e+01
 -9.48331611e+00 -4.01855026e+00 2.88192628e+01
 -9.42295474e+00 -4.01372155e+00 2.88002601e+01
 -9.36252839e+00 -4.00895007e+00 2.87815113e+01
 -9.30186788e+00 -4.00453840e+00 2.87643559e+01
 -9.24080840e+00 -4.00078956e+00 2.87501351e+01
 -9.17918958e+00 -3.99800685e+00 2.87401912e+01
 -9.11685564e+00 -3.99649360e+00 2.87358667e+01
 -9.05365555e+00 -3.99655293e+00 2.87385028e+01
 -8.98944322e+00 -3.99848730e+00 2.87494381e+01
 -8.92407775e+00 -4.00259811e+00 2.87700061e+01
 -8.84791182e+00 -4.02697564e+00 2.88802737e+01
 -8.78019433e+00 -4.03579522e+00 2.89216794e+01
 -8.71147801e+00 -4.04664485e+00 2.89720684e+01
 -8.64192664e+00 -4.05925573e+00 2.90302506e+01
 -8.57169974e+00 -4.07335940e+00 2.90950376e+01
 -8.50095243e+00 -4.08868808e+00 2.91652437e+01
 -8.42983521e+00 -4.10497499e+00 2.92396883e+01
 -8.35849389e+00 -4.12195463e+00 2.93171960e+01
 -8.28706950e+00 -4.13936295e+00 2.93965981e+01
 -8.21569829e+00 -4.15693749e+00 2.94767332e+01
 -8.14451166e+00 -4.17441745e+00 2.95564471e+01
 -8.07363625e+00 -4.19154368e+00 2.96345930e+01
 -8.00319398e+00 -4.20805864e+00 2.97100313e+01
 -7.93330212e+00 -4.22370627e+00 2.97816293e+01
 -7.86407342e+00 -4.23823186e+00 2.98482597e+01
 -7.79561626e+00 -4.25138173e+00 2.99088007e+01
 -7.72803476e+00 -4.26290304e+00 2.99621335e+01
 -7.66706246e+00 -4.26055891e+00 2.99541138e+01
 -7.60144065e+00 -4.26815707e+00 2.99900856e+01
 -7.53677405e+00 -4.27382332e+00 3.00175082e+01
 -7.47295621e+00 -4.27774173e+00 3.00371967e+01
 -7.40988400e+00 -4.28009523e+00 3.00499606e+01
 -7.34745749e+00 -4.28106582e+00 3.00566057e+01
 -7.28557980e+00 -4.28083487e+00 3.00579346e+01
 -7.22415701e+00 -4.27958332e+00 3.00547482e+01
 -7.16309804e+00 -4.27749184e+00 3.00478458e+01
 -7.10231463e+00 -4.27474098e+00 3.00380266e+01
 -7.04172123e+00 -4.27151132e+00 3.00260896e+01
 -6.98123502e+00 -4.26798356e+00 3.00128342e+01
 -6.92077583e+00 -4.26433854e+00 2.99990605e+01
 -6.86026615e+00 -4.26075733e+00 2.99855696e+01
 -6.79963113e+00 -4.25742121e+00 2.99731633e+01
 -6.73879861e+00 -4.25451162e+00 2.99626443e+01
 -6.67769913e+00 -4.25221016e+00 2.99548157e+01
 -6.61626596e+00 -4.25069845e+00 2.99504809e+01
 -6.55124130e+00 -4.25810882e+00 2.99856119e+01
 -6.48902246e+00 -4.25861933e+00 2.99902216e+01
 -6.42644060e+00 -4.26007103e+00 2.99989943e+01
 -6.36355815e+00 -4.26233140e+00 3.00113436e+01
 -6.30043558e+00 -4.26526786e+00 3.00266828e+01
 -6.23713132e+00 -4.26874782e+00 3.00444255e+01
 -6.17370176e+00 -4.27263881e+00 3.00639856e+01
 -6.11020123e+00 -4.27680849e+00 3.00847776e+01
 -6.04668197e+00 -4.28112469e+00 3.01062169e+01
 -5.98319415e+00 -4.28545547e+00 3.01277200e+01
 -5.91978584e+00 -4.28966910e+00 3.01487044e+01
 -5.85650305e+00 -4.29363408e+00 3.01685883e+01
 -5.79338972e+00 -4.29721908e+00 3.01867912e+01
 -5.73048773e+00 -4.30029294e+00 3.02027329e+01
 -5.66783695e+00 -4.30272459e+00 3.02158341e+01
 -5.60547524e+00 -4.30438301e+00 3.02255154e+01
 -5.54343850e+00 -4.30513711e+00 3.02311973e+01
 -5.48176068e+00 -4.30485567e+00 3.02322997e+01
 -5.42452210e+00 -4.29126447e+00 3.01745457e+01
 -5.36356515e+00 -4.28865416e+00 3.01653509e+01
 -5.30292682e+00 -4.28501746e+00 3.01516178e+01
 -5.24254839e+00 -4.28050047e+00 3.01339927e+01
 -5.18237334e+00 -4.27524930e+00 3.01131219e+01
 -5.12234736e+00 -4.26941014e+00 3.00896518e+01
 -5.06241828e+00 -4.26312937e+00 3.00642299e+01
 -5.00253610e+00 -4.25655360e+00 3.00375046e+01
 -4.94265293e+00 -4.24982976e+00 3.00101254e+01
 -4.88272303e+00 -4.24310509e+00 2.99827436e+01
 -4.82270280e+00 -4.23652718e+00 2.99560115e+01
 -4.76255075e+00 -4.23024394e+00 2.99305831e+01
 -4.70222758e+00 -4.22440358e+00 2.99071137e+01
 -4.64169617e+00 -4.21915456e+00 2.98862595e+01
 -4.58092156e+00 -4.21464553e+00 2.98686774e+01
 -4.51987107e+00 -4.21102521e+00 2.98550249e+01
 -4.45851425e+00 -4.20844232e+00 2.98459591e+01
 -4.39682294e+00 -4.20704544e+00 2.98421368e+01
 -4.33343447e+00 -4.21202540e+00 2.98665048e+01
 -4.27108087e+00 -4.21320524e+00 2.98740731e+01
 -4.20846268e+00 -4.21546288e+00 2.98864056e+01
 -4.14563870e+00 -4.21861488e+00 2.99026912e+01
 -4.08266496e+00 -4.22247783e+00 2.99221190e+01
 -4.01959467e+00 -4.22686838e+00 2.99438783e+01
 -3.95647820e+00 -4.23160345e+00 2.99671598e+01
 -3.89336309e+00 -4.23650022e+00 2.99911552e+01
 -3.83029402e+00 -4.24137618e+00 3.00150579e+01
 -3.76731283e+00 -4.24604921e+00 3.00380628e+01
 -3.70445851e+00 -4.25033746e+00 3.00593662e+01
 -3.64176726e+00 -4.25405938e+00 3.00781659e+01
 -3.57927247e+00 -4.25703362e+00 3.00936602e+01
 -3.51700474e+00 -4.25907891e+00 3.01050484e+01
 -3.45499198e+00 -4.26001391e+00 3.01115291e+01
 -3.39325936e+00 -4.25965710e+00 3.01123003e+01
 -3.33182939e+00 -4.25782653e+00 3.01065581e+01
 -3.27072196e+00 -4.25433960e+00 3.00934959e+01
 -3.20928882e+00 -4.25239317e+00 3.00872423e+01
 -3.14881814e+00 -4.24540688e+00 3.00587162e+01
 -3.08858620e+00 -4.23690101e+00 3.00234757e+01
 -3.02854189e+00 -4.22705800e+00 2.99823273e+01
 -2.96863683e+00 -4.21606040e+00 2.99360782e+01
 -2.90882537e+00 -4.20409108e+00 2.98855365e+01
 -2.84906454e+00 -4.19133338e+00 2.98315128e+01
 -2.78931404e+00 -4.17797128e+00 2.97748202e+01
 -2.72953623e+00 -4.16418951e+00 2.97162750e+01
 -2.66969614e+00 -4.15017361e+00 2.96566972e+01
 -2.60976147e+00 -4.13611006e+00 2.95969109e+01
 -2.54970260e+00 -4.12218621e+00 2.95377440e+01
 -2.48949263e+00 -4.10859034e+00 2.94800281e+01
 -2.42910735e+00 -4.09551160e+00 2.94245992e+01
 -2.36852532e+00 -4.08313993e+00 2.93722962e+01
 -2.30772789e+00 -4.07166599e+00 2.93239613e+01
 -2.24669919e+00 -4.06128097e+00 2.92804392e+01
 -2.18497137e+00 -4.05560993e+00 2.92577454e+01
 -2.12346541e+00 -4.04791265e+00 2.92261004e+01
 -2.06174056e+00 -4.04153346e+00 2.92002798e+01
 -1.99982729e+00 -4.03634437e+00 2.91797177e+01
 -1.93775422e+00 -4.03221679e+00 2.91638460e+01
 -1.87554807e+00 -4.02902163e+00 2.91520940e+01
 -1.81323365e+00 -4.02662938e+00 2.91438894e+01
 -1.75083383e+00 -4.02491028e+00 2.91386587e+01
 -1.68836953e+00 -4.02373434e+00 2.91358277e+01
 -1.62585974e+00 -4.02297145e+00 2.91348215e+01
 -1.56332147e+00 -4.02249143e+00 2.91350648e+01
 -1.50076974e+00 -4.02216404e+00 2.91359823e+01
 -1.43821764e+00 -4.02185906e+00 2.91369988e+01
 -1.37567626e+00 -4.02144625e+00 2.91375390e+01
 -1.31315472e+00 -4.02079537e+00 2.91370276e+01
 -1.25066018e+00 -4.01977615e+00 2.91348892e+01
 -1.18819783e+00 -4.01825826e+00 2.91305484e+01
 -1.12577089e+00 -4.01611127e+00 2.91234291e+01
 -1.06405272e+00 -4.00275659e+00 2.90668081e+01
 -1.00165447e+00 -3.99903204e+00 2.90527225e+01
 -9.39274411e-01 -3.99456155e+00 2.90353429e+01
 -8.76899686e-01 -3.98942812e+00 2.90150359e+01
 -8.14518685e-01 -3.98371472e+00 2.89921682e+01
 -7.52121055e-01 -3.97750441e+00 2.89671067e+01
 -6.89697695e-01 -3.97088034e+00 2.89402187e+01
 -6.27240760e-01 -3.96392579e+00 2.89118722e+01
 -5.64743658e-01 -3.95672421e+00 2.88824358e+01
 -5.02201056e-01 -3.94935924e+00 2.88522787e+01
 -4.39608881e-01 -3.94191470e+00 2.88217713e+01
 -3.76964327e-01 -3.93447464e+00 2.87912848e+01
 -3.14265851e-01 -3.92712331e+00 2.87611910e+01
 -2.51513186e-01 -3.91994516e+00 2.87318631e+01
 -1.88707339e-01 -3.91302487e+00 2.87036748e+01
 -1.25850598e-01 -3.90644727e+00 2.86770006e+01
 -6.29465332e-02 -3.90029736e+00 2.86522159e+01
 0.00000000e+00 -3.89466028e+00 2.86296965e+01
 6.29474072e-02 -3.89899229e+00 2.86511957e+01
 1.25924120e-01 -3.89458177e+00 2.86340928e+01
 1.88923251e-01 -3.89077801e+00 2.86196695e+01
 2.51938253e-01 -3.88755859e+00 2.86078266e+01
 3.14962919e-01 -3.88490098e+00 2.85984647e+01
 3.77991390e-01 -3.88278253e+00 2.85914834e+01
 4.41018147e-01 -3.88118049e+00 2.85867825e+01
 5.04038022e-01 -3.88007206e+00 2.85842609e+01
 5.67046194e-01 -3.87943434e+00 2.85838175e+01
 6.30038189e-01 -3.87924436e+00 2.85853509e+01
 6.93009887e-01 -3.87947912e+00 2.85887593e+01
 7.55957514e-01 -3.88011557e+00 2.85939409e+01
 8.18877651e-01 -3.88113060e+00 2.86007937e+01
 8.81767226e-01 -3.88250110e+00 2.86092154e+01
 9.44623522e-01 -3.88420393e+00 2.86191039e+01
 1.00744417e+00 -3.88621593e+00 2.86303569e+01
 1.07022715e+00 -3.88851393e+00 2.86428720e+01
 1.13297081e+00 -3.89107476e+00 2.86565469e+01
 1.19669795e+00 -3.87962207e+00 2.86083640e+01
 1.25940991e+00 -3.88268307e+00 2.86242467e+01
 1.32207232e+00 -3.88602535e+00 2.86413706e+01
 1.38467967e+00 -3.88967699e+00 2.86598593e+01
 1.44722600e+00 -3.89366599e+00 2.86798365e+01
 1.50970497e+00 -3.89802027e+00 2.87014253e+01
 1.57210980e+00 -3.90276769e+00 2.87247485e+01
 1.63443329e+00 -3.90793600e+00 2.87499287e+01
 1.69666787e+00 -3.91355288e+00 2.87770877e+01
 1.75880553e+00 -3.91964585e+00 2.88063471e+01
 1.82083786e+00 -3.92624236e+00 2.88378278e+01
 1.88275607e+00 -3.93336969e+00 2.88716502e+01
 1.94455095e+00 -3.94105499e+00 2.89079339e+01
 2.00621293e+00 -3.94932524e+00 2.89467978e+01
 2.06773201e+00 -3.95820726e+00 2.89883603e+01
 2.12909786e+00 -3.96772767e+00 2.90327386e+01
 2.19029974e+00 -3.97791289e+00 2.90800491e+01
 2.25132655e+00 -3.98878912e+00 2.91304074e+01
 2.31150020e+00 -4.00514805e+00 2.92049581e+01
 2.37214975e+00 -4.01730566e+00 2.92609670e+01
 2.43263681e+00 -4.02991488e+00 2.93189668e+01
 2.49297723e+00 -4.04283705e+00 2.93783457e+01
 2.55318886e+00 -4.05593416e+00 2.94384945e+01
 2.61329155e+00 -4.06906880e+00 2.94988068e+01
 2.67330708e+00 -4.08210424e+00 2.95586795e+01
 2.73325923e+00 -4.09490442e+00 2.96175121e+01
 2.79317371e+00 -4.10733387e+00 2.96747071e+01
 2.85307818e+00 -4.11925775e+00 2.97296695e+01
 2.91300222e+00 -4.13054173e+00 2.97818068e+01
 2.97297738e+00 -4.14105198e+00 2.98305287e+01
 3.03303716e+00 -4.15065501e+00 2.98752464e+01
 3.09321699e+00 -4.15921766e+00 2.99153727e+01
 3.15355432e+00 -4.16660690e+00 2.99503208e+01
 3.21408858e+00 -4.17268974e+00 2.99795044e+01
 3.27486124e+00 -4.17733307e+00 3.00023364e+01
 3.33484776e+00 -4.18563674e+00 3.00413154e+01
 3.39619530e+00 -4.18707191e+00 3.00499931e+01
 3.45784504e+00 -4.18700907e+00 3.00520622e+01
 3.51977749e+00 -4.18561743e+00 3.00482694e+01
 3.58197070e+00 -4.18306578e+00 3.00393598e+01
 3.64440024e+00 -4.17952263e+00 3.00260768e+01
 3.70703915e+00 -4.17515638e+00 3.00091635e+01
 3.76985792e+00 -4.17013548e+00 2.99893630e+01
 3.83282447e+00 -4.16462851e+00 2.99674193e+01
 3.89590411e+00 -4.15880429e+00 2.99440770e+01
 3.95905952e+00 -4.15283195e+00 2.99200821e+01
 4.02225077e+00 -4.14688093e+00 2.98961821e+01
 4.08543526e+00 -4.14112101e+00 2.98731258e+01
 4.14856777e+00 -4.13572231e+00 2.98516634e+01
 4.21160041e+00 -4.13085521e+00 2.98325464e+01
 4.27448269e+00 -4.12669032e+00 2.98165271e+01
 4.33716150e+00 -4.12339836e+00 2.98043583e+01
 4.39958115e+00 -4.12115006e+00 2.97967927e+01
 4.46476069e+00 -4.10880432e+00 2.97446957e+01
 4.52655753e+00 -4.10904612e+00 2.97481130e+01
 4.58801835e+00 -4.11046883e+00 2.97567381e+01
 4.64916139e+00 -4.11296090e+00 2.97700788e+01
 4.71000664e+00 -4.11641056e+00 2.97876419e+01
 4.77057580e+00 -4.12070592e+00 2.98089338e+01
 4.83089230e+00 -4.12573507e+00 2.98334609e+01
 4.89098121e+00 -4.13138614e+00 2.98607296e+01
 4.95086927e+00 -4.13754739e+00 2.98902471e+01
 5.01058483e+00 -4.14410727e+00 2.99215214e+01
 5.07015788e+00 -4.15095443e+00 2.99540614e+01
 5.12962001e+00 -4.15797780e+00 2.99873773e+01
 5.18900438e+00 -4.16506656e+00 3.00209805e+01
 5.24834574e+00 -4.17211021e+00 3.00543836e+01
 5.30768040e+00 -4.17899853e+00 3.00871008e+01
 5.36704626e+00 -4.18562159e+00 3.01186472e+01
 5.42648278e+00 -4.19186970e+00 3.01485395e+01
 5.48603100e+00 -4.19763342e+00 3.01762952e+01
 5.54455446e+00 -4.20627186e+00 3.02167243e+01
 5.60441150e+00 -4.21082928e+00 3.02391596e+01
 5.66442811e+00 -4.21481703e+00 3.02590826e+01
 5.72459399e+00 -4.21828278e+00 3.02767037e+01
 5.78489819e+00 -4.22127406e+00 3.02922324e+01
 5.84532904e+00 -4.22383828e+00 3.03058780e+01
 5.90587424e+00 -4.22602275e+00 3.03178490e+01
 5.96652079e+00 -4.22787469e+00 3.03283537e+01
 6.02725499e+00 -4.22944124e+00 3.03376001e+01
 6.08806246e+00 -4.23076952e+00 3.03457957e+01
 6.14892813e+00 -4.23190655e+00 3.03531481e+01
 6.20983624e+00 -4.23289937e+00 3.03598645e+01
 6.27077031e+00 -4.23379494e+00 3.03661521e+01
 6.33171319e+00 -4.23464023e+00 3.03722178e+01
 6.39264701e+00 -4.23548217e+00 3.03782686e+01
 6.45355320e+00 -4.23636768e+00 3.03845112e+01
 6.51441250e+00 -4.23734365e+00 3.03911524e+01
 6.57520494e+00 -4.23845696e+00 3.03983987e+01
 6.63442353e+00 -4.24339911e+00 3.04225205e+01
 6.69504930e+00 -4.24482208e+00 3.04311308e+01
 6.75563768e+00 -4.24629963e+00 3.04399815e+01
 6.81622184e+00 -4.24775111e+00 3.04487169e+01
 6.87683618e+00 -4.24909592e+00 3.04569820e+01
 6.93751625e+00 -4.25025352e+00 3.04644217e+01
 6.99829884e+00 -4.25114338e+00 3.04706812e+01
 7.05922193e+00 -4.25168502e+00 3.04754060e+01
 7.12032469e+00 -4.25179794e+00 3.04782412e+01
 7.18164756e+00 -4.25140162e+00 3.04788322e+01
 7.24323220e+00 -4.25041546e+00 3.04768239e+01
 7.30512152e+00 -4.24875877e+00 3.04718608e+01
 7.36735973e+00 -4.24635069e+00 3.04635868e+01
 7.42999235e+00 -4.24311018e+00 3.04516449e+01
 7.49306624e+00 -4.23895593e+00 3.04356770e+01
 7.55662963e+00 -4.23380629e+00 3.04153237e+01
 7.62073216e+00 -4.22757925e+00 3.03902235e+01
 7.68542495e+00 -4.22019230e+00 3.03600133e+01
 7.75351329e+00 -4.20577512e+00 3.02988275e+01
 7.81942580e+00 -4.19611470e+00 3.02586027e+01
 7.88583086e+00 -4.18557722e+00 3.02145149e+01
 7.95264609e+00 -4.17435220e+00 3.01673993e+01
 8.01978596e+00 -4.16262976e+00 3.01180936e+01
 8.08716175e+00 -4.15060071e+00 3.00674388e+01
 8.15468144e+00 -4.13845664e+00 3.00162789e+01
 8.22224977e+00 -4.12638992e+00 2.99654616e+01
 8.28976813e+00 -4.11459376e+00 2.99158379e+01
 8.35713463e+00 -4.10326213e+00 2.98682624e+01
 8.42424408e+00 -4.09258971e+00 2.98235926e+01
 8.49098805e+00 -4.08277181e+00 2.97826889e+01
 8.55725488e+00 -4.07400424e+00 2.97464136e+01
 8.62292984e+00 -4.06648311e+00 2.97156304e+01
 8.68789515e+00 -4.06040467e+00 2.96912035e+01
 8.75203014e+00 -4.05596504e+00 2.96739966e+01
 8.81521139e+00 -4.05335997e+00 2.96648715e+01
 8.88238169e+00 -4.04339212e+00 2.96233141e+01
 8.94338252e+00 -4.04490780e+00 2.96323416e+01
 9.00336877e+00 -4.04824942e+00 2.96494118e+01
 9.06249365e+00 -4.05310147e+00 2.96731345e+01
 9.12091520e+00 -4.05914833e+00 2.97021190e+01
 9.17879605e+00 -4.06607461e+00 2.97349761e+01
 9.23630330e+00 -4.07356550e+00 2.97703190e+01
 9.29360833e+00 -4.08130692e+00 2.98067641e+01
 9.35088677e+00 -4.08898566e+00 2.98429320e+01
 9.40831848e+00 -4.09628942e+00 2.98774471e+01
 9.46608749e+00 -4.10290671e+00 2.99089377e+01
 9.52438217e+00 -4.10852673e+00 2.99360352e+01
 9.58339528e+00 -4.11283913e+00 2.99573729e+01
 9.64332419e+00 -4.11553367e+00 2.99715849e+01
 9.70437111e+00 -4.11629984e+00 2.99773040e+01
 9.76674336e+00 -4.11482635e+00 2.99731598e+01
 9.83065380e+00 -4.11080054e+00 2.99577760e+01
 9.89632118e+00 -4.10390773e+00 2.99297673e+01
 9.95511980e+00 -4.10840196e+00 2.99519038e+01
 1.00247382e+01 -4.09513100e+00 2.98958096e+01
 1.00962171e+01 -4.07899056e+00 2.98270817e+01
 1.01693592e+01 -4.06035150e+00 2.97473536e+01
 1.02439617e+01 -4.03958532e+00 2.96582618e+01
 1.03198149e+01 -4.01706492e+00 2.95614487e+01
 1.03967025e+01 -3.99316525e+00 2.94585658e+01
 1.04744006e+01 -3.96826391e+00 2.93512757e+01
 1.05526780e+01 -3.94274145e+00 2.92412545e+01
 1.06312956e+01 -3.91698177e+00 2.91301926e+01
 1.07100061e+01 -3.89137220e+00 2.90197952e+01
 1.07885542e+01 -3.86630356e+00 2.89117832e+01
 1.08666767e+01 -3.84217002e+00 2.88078918e+01
 1.09441021e+01 -3.81936888e+00 2.87098701e+01
 1.10205515e+01 -3.79830019e+00 2.86194788e+01
 1.10957383e+01 -3.77936616e+00 2.85384886e+01
 1.11693688e+01 -3.76297054e+00 2.84686762e+01
 1.12411428e+01 -3.74951779e+00 2.84118218e+01
 1.13108610e+01 -3.73925400e+00 2.83690081e+01
 1.13783388e+01 -3.73239825e+00 2.83411988e+01
 1.14438912e+01 -3.72843248e+00 2.83261125e+01
 1.15077594e+01 -3.72695795e+00 2.83219934e+01
 1.15701918e+01 -3.72757391e+00 2.83270768e+01
 1.16314439e+01 -3.72987843e+00 2.83395929e+01
 1.16917773e+01 -3.73346907e+00 2.83577700e+01
 1.17514597e+01 -3.73794340e+00 2.83798363e+01
 1.18107648e+01 -3.74289940e+00 2.84040220e+01
 1.18699717e+01 -3.74793567e+00 2.84285603e+01
 1.19293650e+01 -3.75265158e+00 2.84516876e+01
 1.19892349e+01 -3.75664717e+00 2.84716437e+01
 1.20498771e+01 -3.75952300e+00 2.84866706e+01
 1.21115935e+01 -3.76087981e+00 2.84950114e+01
 1.21746918e+01 -3.76031809e+00 2.84949079e+01
 1.22394867e+01 -3.75743742e+00 2.84845982e+01
 1.23062998e+01 -3.75183575e+00 2.84623135e+01
 1.23754608e+01 -3.74310850e+00 2.84262737e+01
 1.24423712e+01 -3.73749411e+00 2.84039348e+01
 1.25166481e+01 -3.72206345e+00 2.83383962e+01
 1.25931280e+01 -3.70384562e+00 2.82605940e+01
 1.26714929e+01 -3.68330420e+00 2.81725688e+01
 1.27514164e+01 -3.66090452e+00 2.80763691e+01
 1.28325630e+01 -3.63711450e+00 2.79740542e+01
 1.29145877e+01 -3.61240533e+00 2.78676980e+01
 1.29971357e+01 -3.58725198e+00 2.77593908e+01
 1.30798417e+01 -3.56213347e+00 2.76512405e+01
 1.31623301e+01 -3.53753298e+00 2.75453733e+01
 1.32442148e+01 -3.51393774e+00 2.74439331e+01
 1.33250995e+01 -3.49183871e+00 2.73490798e+01
 1.34045780e+01 -3.47173009e+00 2.72629876e+01
 1.34822346e+01 -3.45410852e+00 2.71878414e+01
 1.35576452e+01 -3.43947217e+00 2.71258325e+01
 1.36303776e+01 -3.42831955e+00 2.70791537e+01
 1.36999933e+01 -3.42114812e+00 2.70499928e+01
 1.37660482e+01 -3.41845267e+00 2.70405260e+01
