 -7.47642305e+00 -7.31842567e+00 3.05949086e+01
 -7.41913820e+00 -7.31014688e+00 3.05563488e+01
 -7.36130458e+00 -7.30283089e+00 3.05224841e+01
 -7.30294481e+00 -7.29645655e+00 3.04932111e+01
 -7.24408129e+00 -7.29100237e+00 3.04684250e+01
 -7.18473621e+00 -7.28644657e+00 3.04480192e+01
 -7.12493154e+00 -7.28276706e+00 3.04318860e+01
 -7.06468903e+00 -7.27994152e+00 3.04199164e+01
 -7.00403013e+00 -7.27794733e+00 3.04120000e+01
 -6.94297605e+00 -7.27676170e+00 3.04080254e+01
 -6.88154771e+00 -7.27636159e+00 3.04078803e+01
 -6.81976573e+00 -7.27672378e+00 3.04114513e+01
 -6.75685365e+00 -7.27955922e+00 3.04270786e+01
 -6.69444355e+00 -7.28135088e+00 3.04376175e+01
 -6.63178513e+00 -7.28373315e+00 3.04510352e+01
 -6.56893372e+00 -7.28659883e+00 3.04668088e+01
 -6.50594284e+00 -7.28984073e+00 3.04844160e+01
 -6.44286414e+00 -7.29335178e+00 3.05033347e+01
 -6.37974745e+00 -7.29702505e+00 3.05230437e+01
 -6.31664074e+00 -7.30075375e+00 3.05430222e+01
 -6.25359011e+00 -7.30443125e+00 3.05627508e+01
 -6.19063981e+00 -7.30795110e+00 3.05817104e+01
 -6.12783226e+00 -7.31120702e+00 3.05993831e+01
 -6.06520804e+00 -7.31409283e+00 3.06152514e+01
 -6.00323934e+00 -7.31544329e+00 3.06236361e+01
 -5.94106454e+00 -7.31733809e+00 3.06346735e+01
 -5.87910203e+00 -7.31875054e+00 3.06433599e+01
 -5.81733020e+00 -7.31971987e+00 3.06498863e+01
 -5.75572813e+00 -7.32028522e+00 3.06544436e+01
 -5.69427557e+00 -7.32048567e+00 3.06572224e+01
 -5.63295297e+00 -7.32036024e+00 3.06584129e+01
 -5.57174141e+00 -7.31994791e+00 3.06582052e+01
 -5.51062266e+00 -7.31928766e+00 3.06567893e+01
 -5.44957914e+00 -7.31841843e+00 3.06543549e+01
 -5.38859391e+00 -7.31737916e+00 3.06510920e+01
 -5.32765070e+00 -7.31620882e+00 3.06471904e+01
 -5.26640087e+00 -7.31587380e+00 3.06473596e+01
 -5.20551252e+00 -7.31452098e+00 3.06425689e+01
 -5.14465244e+00 -7.31306412e+00 3.06372714e+01
 -5.08382499e+00 -7.31148686e+00 3.06313872e+01
 -5.02303427e+00 -7.30977284e+00 3.06248368e+01
 -4.96228410e+00 -7.30790569e+00 3.06175404e+01
 -4.90157802e+00 -7.30586902e+00 3.06094181e+01
 -4.84091934e+00 -7.30364641e+00 3.06003901e+01
 -4.78031106e+00 -7.30122144e+00 3.05903761e+01
 -4.71975595e+00 -7.29857764e+00 3.05792962e+01
 -4.65925650e+00 -7.29569851e+00 3.05670699e+01
 -4.59881492e+00 -7.29256755e+00 3.05536169e+01
 -4.53801214e+00 -7.29053120e+00 3.05454977e+01
 -4.47767259e+00 -7.28692898e+00 3.05297491e+01
 -4.41734828e+00 -7.28318622e+00 3.05133161e+01
 -4.35701629e+00 -7.27937425e+00 3.04965464e+01
 -4.29665489e+00 -7.27556454e+00 3.04797882e+01
 -4.23624348e+00 -7.27182862e+00 3.04633899e+01
 -4.17576268e+00 -7.26823815e+00 3.04477007e+01
 -4.11519422e+00 -7.26486487e+00 3.04330700e+01
 -4.05452106e+00 -7.26178060e+00 3.04198478e+01
 -3.99372731e+00 -7.25905721e+00 3.04083841e+01
 -3.93279829e+00 -7.25676662e+00 3.03990293e+01
 -3.87152622e+00 -7.25571959e+00 3.03957331e+01
 -3.81030128e+00 -7.25446863e+00 3.03914435e+01
 -3.74896282e+00 -7.25363466e+00 3.03891854e+01
 -3.68755373e+00 -7.25306726e+00 3.03882261e+01
 -3.62611440e+00 -7.25261595e+00 3.03878322e+01
 -3.56468273e+00 -7.25213023e+00 3.03872708e+01
 -3.50329409e+00 -7.25145958e+00 3.03858086e+01
 -3.44198135e+00 -7.25045345e+00 3.03827122e+01
 -3.38077488e+00 -7.24896123e+00 3.03772479e+01
 -3.31970256e+00 -7.24683215e+00 3.03686815e+01
 -3.25878981e+00 -7.24391524e+00 3.03562777e+01
 -3.19805959e+00 -7.24005920e+00 3.03392996e+01
 -3.13749453e+00 -7.23529034e+00 3.03178756e+01
 -3.07716533e+00 -7.22921512e+00 3.02900889e+01
 -3.01698295e+00 -7.22218887e+00 3.02576705e+01
 -2.95689474e+00 -7.21441502e+00 3.02216115e+01
 -2.89685134e+00 -7.20609741e+00 3.01829049e+01
 -2.83680673e+00 -7.19744047e+00 3.01425465e+01
 -2.77671814e+00 -7.18864921e+00 3.01015350e+01
 -2.71654613e+00 -7.17992938e+00 3.00608724e+01
 -2.65625455e+00 -7.17148738e+00 3.00215641e+01
 -2.59581060e+00 -7.16353031e+00 2.99846186e+01
 -2.53518482e+00 -7.15626581e+00 2.99510473e+01
 -2.47435115e+00 -7.14990203e+00 2.99218635e+01
 -2.41305590e+00 -7.14606731e+00 2.99049979e+01
 -2.35177877e+00 -7.14193600e+00 2.98866882e+01
 -2.29032233e+00 -7.13876280e+00 2.98730451e+01
 -2.22872585e+00 -7.13636620e+00 2.98631845e+01
 -2.16702562e+00 -7.13456430e+00 2.98562204e+01
 -2.10525493e+00 -7.13317499e+00 2.98512657e+01
 -2.04344403e+00 -7.13201598e+00 2.98474327e+01
 -1.98162017e+00 -7.13090489e+00 2.98438332e+01
 -1.91980753e+00 -7.12965928e+00 2.98395788e+01
 -1.85802729e+00 -7.12809664e+00 2.98337805e+01
 -1.79629755e+00 -7.12603431e+00 2.98255492e+01
 -1.73463344e+00 -7.12328948e+00 2.98139945e+01
 -1.67289764e+00 -7.12100525e+00 2.98046831e+01
 -1.61137736e+00 -7.11658686e+00 2.97849797e+01
 -1.54989391e+00 -7.11149159e+00 2.97619808e+01
 -1.48842379e+00 -7.10586942e+00 2.97364168e+01
 -1.42694600e+00 -7.09987056e+00 2.97090194e+01
 -1.36544201e+00 -7.09364552e+00 2.96805212e+01
 -1.30389577e+00 -7.08734511e+00 2.96516569e+01
 -1.24229374e+00 -7.08112053e+00 2.96231625e+01
 -1.18062485e+00 -7.07512333e+00 2.95957760e+01
 -1.11888055e+00 -7.06950539e+00 2.95702369e+01
 -1.05705479e+00 -7.06441889e+00 2.95472858e+01
 -9.95144056e-01 -7.06001621e+00 2.95276649e+01
 -9.32999476e-01 -7.05881352e+00 2.95236245e+01
 -8.70942012e-01 -7.05600047e+00 2.95117438e+01
 -8.08826658e-01 -7.05387951e+00 2.95032329e+01
 -7.46666450e-01 -7.05236330e+00 2.94976666e+01
 -6.84472971e-01 -7.05136433e+00 2.94946186e+01
 -6.22256348e-01 -7.05079498e+00 2.94936623e+01
 -5.60025250e-01 -7.05056758e+00 2.94943708e+01
 -4.97786885e-01 -7.05059438e+00 2.94963168e+01
 -4.35546994e-01 -7.05078765e+00 2.94990731e+01
 -3.73309857e-01 -7.05105962e+00 2.95022126e+01
 -3.11078287e-01 -7.05132258e+00 2.95053081e+01
 -2.48905256e-01 -7.04839456e+00 2.94928695e+01
 -1.86674262e-01 -7.04839564e+00 2.94946902e+01
 -1.24447838e-01 -7.04822290e+00 2.94956647e+01
 -6.22237964e-02 -7.04787942e+00 2.94958081e+01
 0.00000000e+00 -7.04736830e+00 2.94951354e+01
 6.22256354e-02 -7.04669259e+00 2.94936616e+01
 1.24455143e-01 -7.04585537e+00 2.94914016e+01
 1.86690506e-01 -7.04485969e+00 2.94883704e+01
 2.48933654e-01 -7.04370860e+00 2.94845828e+01
 3.11186469e-01 -7.04240515e+00 2.94800536e+01
 3.73450780e-01 -7.04095238e+00 2.94747978e+01
 4.35728367e-01 -7.03935331e+00 2.94688300e+01
 4.97979873e-01 -7.03884249e+00 2.94681593e+01
 5.60283703e-01 -7.03696811e+00 2.94608518e+01
 6.22604563e-01 -7.03498556e+00 2.94530180e+01
 6.84942635e-01 -7.03292036e+00 2.94447821e+01
 7.47297675e-01 -7.03079805e+00 2.94362685e+01
 8.09669011e-01 -7.02864416e+00 2.94276014e+01
 8.72055546e-01 -7.02648427e+00 2.94189053e+01
 9.34455753e-01 -7.02434397e+00 2.94103048e+01
 9.96867679e-01 -7.02224886e+00 2.94019245e+01
 1.05928894e+00 -7.02022456e+00 2.93938890e+01
 1.12171673e+00 -7.01829672e+00 2.93863232e+01
 1.18414781e+00 -7.01649099e+00 2.93793519e+01
 1.24685725e+00 -7.01149028e+00 2.93568321e+01
 1.30929848e+00 -7.00999343e+00 2.93513645e+01
 1.37173386e+00 -7.00866251e+00 2.93467045e+01
 1.43416097e+00 -7.00750106e+00 2.93428694e+01
 1.49657734e+00 -7.00651257e+00 2.93398760e+01
 1.55898045e+00 -7.00570053e+00 2.93377414e+01
 1.62136771e+00 -7.00506844e+00 2.93364825e+01
 1.68373648e+00 -7.00461976e+00 2.93361162e+01
 1.74608406e+00 -7.00435797e+00 2.93366593e+01
 1.80840770e+00 -7.00428653e+00 2.93381286e+01
 1.87070459e+00 -7.00440887e+00 2.93405409e+01
 1.93297185e+00 -7.00472845e+00 2.93439127e+01
 1.99489819e+00 -7.00756048e+00 2.93595097e+01
 2.05707776e+00 -7.00835744e+00 2.93652041e+01
 2.11919531e+00 -7.00952318e+00 2.93726928e+01
 2.18123197e+00 -7.01115544e+00 2.93824511e+01
 2.24316726e+00 -7.01335183e+00 2.93949541e+01
 2.30497911e+00 -7.01620980e+00 2.94106756e+01
 2.36664383e+00 -7.01982654e+00 2.94300885e+01
 2.42813621e+00 -7.02429896e+00 2.94536641e+01
 2.48942945e+00 -7.02972356e+00 2.94818718e+01
 2.55049524e+00 -7.03619638e+00 2.95151786e+01
 2.61130377e+00 -7.04381290e+00 2.95540489e+01
 2.67182376e+00 -7.05266793e+00 2.95989437e+01
 2.73410120e+00 -7.05152093e+00 2.95951768e+01
 2.79405696e+00 -7.06278653e+00 2.96517974e+01
 2.85375104e+00 -7.07491124e+00 2.97125960e+01
 2.91322182e+00 -7.08764443e+00 2.97763532e+01
 2.97251160e+00 -7.10073659e+00 2.98418551e+01
 3.03166661e+00 -7.11393948e+00 2.99078940e+01
 3.09073691e+00 -7.12700617e+00 2.99732686e+01
 3.14977643e+00 -7.13969101e+00 3.00367840e+01
 3.20884291e+00 -7.15174962e+00 3.00972514e+01
 3.26799792e+00 -7.16293869e+00 3.01534874e+01
 3.32730686e+00 -7.17301588e+00 3.02043133e+01
 3.38660757e+00 -7.18274928e+00 3.02534655e+01
 3.44641283e+00 -7.18996014e+00 3.02903461e+01
 3.50649749e+00 -7.19572891e+00 3.03202110e+01
 3.56685348e+00 -7.20016355e+00 3.03435857e+01
 3.62747112e+00 -7.20337124e+00 3.03609918e+01
 3.68833908e+00 -7.20545858e+00 3.03729480e+01
 3.74944441e+00 -7.20653163e+00 3.03799703e+01
 3.81077245e+00 -7.20669608e+00 3.03825732e+01
 3.87230690e+00 -7.20605734e+00 3.03812693e+01
 3.93402972e+00 -7.20472061e+00 3.03765706e+01
 3.99592117e+00 -7.20279099e+00 3.03689884e+01
 4.05795977e+00 -7.20037353e+00 3.03590337e+01
 4.11990146e+00 -7.19836422e+00 3.03510643e+01
 4.18216201e+00 -7.19527772e+00 3.03378561e+01
 4.24450352e+00 -7.19198826e+00 3.03236612e+01
 4.30690450e+00 -7.18857824e+00 3.03088804e+01
 4.36934203e+00 -7.18513018e+00 3.02939150e+01
 4.43179181e+00 -7.18172668e+00 3.02791666e+01
 4.49422813e+00 -7.17845044e+00 3.02650375e+01
 4.55662387e+00 -7.17538428e+00 3.02519305e+01
 4.61895050e+00 -7.17261109e+00 3.02402485e+01
 4.68117809e+00 -7.17021382e+00 3.02303950e+01
 4.74327532e+00 -7.16827545e+00 3.02227734e+01
 4.80520951e+00 -7.16687898e+00 3.02177872e+01
 4.86684348e+00 -7.16642058e+00 3.02173628e+01
 4.92836832e+00 -7.16629179e+00 3.02185413e+01
 4.98968210e+00 -7.16678249e+00 3.02227322e+01
 5.05078672e+00 -7.16786444e+00 3.02297980e+01
 5.11168460e+00 -7.16950931e+00 3.02396010e+01
 5.17237865e+00 -7.17168870e+00 3.02520028e+01
 5.23287229e+00 -7.17437412e+00 3.02668648e+01
 5.29316942e+00 -7.17753707e+00 3.02840485e+01
 5.35327441e+00 -7.18114898e+00 3.03034147e+01
 5.41319215e+00 -7.18518129e+00 3.03248246e+01
 5.47292798e+00 -7.18960543e+00 3.03481390e+01
 5.53248772e+00 -7.19439282e+00 3.03732190e+01
 5.59153677e+00 -7.20041422e+00 3.04042984e+01
 5.65078736e+00 -7.20577090e+00 3.04321450e+01
 5.70994127e+00 -7.21125414e+00 3.04606063e+01
 5.76904174e+00 -7.21674947e+00 3.04891255e+01
 5.82813382e+00 -7.22214263e+00 3.05171474e+01
 5.88726438e+00 -7.22731966e+00 3.05441177e+01
 5.94648206e+00 -7.23216681e+00 3.05694835e+01
 6.00583733e+00 -7.23657053e+00 3.05926929e+01
 6.06538248e+00 -7.24041746e+00 3.06131948e+01
 6.12517163e+00 -7.24359432e+00 3.06304386e+01
 6.18526078e+00 -7.24598787e+00 3.06438739e+01
 6.24570783e+00 -7.24748483e+00 3.06529502e+01
 6.30693249e+00 -7.24713294e+00 3.06530383e+01
 6.36818060e+00 -7.24672655e+00 3.06528615e+01
 6.42979167e+00 -7.24549085e+00 3.06486532e+01
 6.49173436e+00 -7.24352027e+00 3.06408727e+01
 6.55397581e+00 -7.24090914e+00 3.06299785e+01
 6.61648161e+00 -7.23775172e+00 3.06164292e+01
 6.67921578e+00 -7.23414230e+00 3.06006830e+01
 6.74214073e+00 -7.23017522e+00 3.05831987e+01
 6.80521728e+00 -7.22594491e+00 3.05644353e+01
 6.86840460e+00 -7.22154592e+00 3.05448525e+01
 6.93166023e+00 -7.21707297e+00 3.05249107e+01
 6.99748287e+00 -7.20726463e+00 3.04790358e+01
 7.06077379e+00 -7.20290680e+00 3.04596549e+01
 7.12403768e+00 -7.19867359e+00 3.04408803e+01
 7.18726270e+00 -7.19458607e+00 3.04228143e+01
 7.25043670e+00 -7.19066532e+00 3.04055592e+01
 7.31354712e+00 -7.18693242e+00 3.03892177e+01
 7.37658108e+00 -7.18340850e+00 3.03738924e+01
 7.43952531e+00 -7.18011469e+00 3.03596858e+01
 7.50236621e+00 -7.17707215e+00 3.03467008e+01
 7.56508981e+00 -7.17430202e+00 3.03350400e+01
 7.62768178e+00 -7.17182545e+00 3.03248064e+01
 7.69012747e+00 -7.16966358e+00 3.03161024e+01
 7.75121424e+00 -7.17012038e+00 3.03201251e+01
 7.81331999e+00 -7.16863711e+00 3.03147194e+01
 7.87525849e+00 -7.16748504e+00 3.03109233e+01
 7.93703256e+00 -7.16665119e+00 3.03086738e+01
 7.99864527e+00 -7.16612256e+00 3.03079076e+01
 8.06009993e+00 -7.16588613e+00 3.03085614e+01
 8.12140007e+00 -7.16592884e+00 3.03105717e+01
 8.18254945e+00 -7.16623759e+00 3.03138748e+01
 8.24355207e+00 -7.16679930e+00 3.03184071e+01
 8.30441213e+00 -7.16760085e+00 3.03241047e+01
 8.36513408e+00 -7.16862911e+00 3.03309038e+01
 8.42572260e+00 -7.16987095e+00 3.03387406e+01
 8.48788211e+00 -7.16835490e+00 3.03331761e+01
 8.54824129e+00 -7.16996654e+00 3.03428095e+01
 8.60850959e+00 -7.17170583e+00 3.03530630e+01
 8.66871037e+00 -7.17353028e+00 3.03637300e+01
 8.72886768e+00 -7.17539741e+00 3.03746041e+01
 8.78900624e+00 -7.17726478e+00 3.03854792e+01
 8.84915148e+00 -7.17908999e+00 3.03961491e+01
 8.90932949e+00 -7.18083067e+00 3.04064080e+01
 8.96956705e+00 -7.18244449e+00 3.04160502e+01
 9.02989164e+00 -7.18388912e+00 3.04248703e+01
 9.09033142e+00 -7.18512230e+00 3.04326627e+01
 9.15091524e+00 -7.18610173e+00 3.04392221e+01
 9.20918694e+00 -7.19076640e+00 3.04636858e+01
 9.27012959e+00 -7.19111486e+00 3.04671792e+01
 9.33130238e+00 -7.19109010e+00 3.04688593e+01
 9.39273435e+00 -7.19065384e+00 3.04685402e+01
 9.45445521e+00 -7.18976775e+00 3.04660358e+01
 9.51649532e+00 -7.18839340e+00 3.04611594e+01
 9.57888577e+00 -7.18649233e+00 3.04537243e+01
 9.64165834e+00 -7.18402592e+00 3.04435431e+01
 9.70484554e+00 -7.18095546e+00 3.04304277e+01
 9.76848061e+00 -7.17724208e+00 3.04141894e+01
 9.83259757e+00 -7.17284674e+00 3.03946387e+01
 9.89723119e+00 -7.16773019e+00 3.03715851e+01
