 -1.40221118e+01 -8.71083217e+00 2.52848150e+01
 -1.39607713e+01 -8.70514838e+00 2.52600887e+01
 -1.38973933e+01 -8.70153882e+00 2.52463991e+01
 -1.38321261e+01 -8.69987841e+00 2.52430795e+01
 -1.37651170e+01 -8.70004077e+00 2.52494565e+01
 -1.36965118e+01 -8.70189850e+00 2.52648513e+01
 -1.36264549e+01 -8.70532336e+00 2.52885806e+01
 -1.35550888e+01 -8.71018653e+00 2.53199584e+01
 -1.34825541e+01 -8.71635879e+00 2.53582966e+01
 -1.34089889e+01 -8.72371072e+00 2.54029059e+01
 -1.33345294e+01 -8.73211285e+00 2.54530972e+01
 -1.32593091e+01 -8.74143581e+00 2.55081818e+01
 -1.31834589e+01 -8.75155050e+00 2.55674726e+01
 -1.31071069e+01 -8.76232813e+00 2.56302842e+01
 -1.30303787e+01 -8.77364040e+00 2.56959341e+01
 -1.29533968e+01 -8.78535951e+00 2.57637422e+01
 -1.28762810e+01 -8.79735827e+00 2.58330322e+01
 -1.27991482e+01 -8.80951010e+00 2.59031309e+01
 -1.27235194e+01 -8.82010481e+00 2.59649456e+01
 -1.26466539e+01 -8.83221994e+00 2.60348388e+01
 -1.25699888e+01 -8.84424426e+00 2.61042441e+01
 -1.24935363e+01 -8.85616235e+00 2.61730794e+01
 -1.24173084e+01 -8.86795888e+00 2.62412633e+01
 -1.23413166e+01 -8.87961858e+00 2.63087148e+01
 -1.22655719e+01 -8.89112629e+00 2.63753533e+01
 -1.21900854e+01 -8.90246687e+00 2.64410985e+01
 -1.21148674e+01 -8.91362531e+00 2.65058705e+01
 -1.20399281e+01 -8.92458661e+00 2.65695900e+01
 -1.19652774e+01 -8.93533587e+00 2.66321778e+01
 -1.18909247e+01 -8.94585825e+00 2.66935551e+01
 -1.18168793e+01 -8.95613895e+00 2.67536435e+01
 -1.17431500e+01 -8.96616324e+00 2.68123647e+01
 -1.16697454e+01 -8.97591642e+00 2.68696410e+01
 -1.15966737e+01 -8.98538386e+00 2.69253946e+01
 -1.15239430e+01 -8.99455095e+00 2.69795481e+01
 -1.14515609e+01 -9.00340313e+00 2.70320244e+01
 -1.13839015e+01 -9.00650579e+00 2.70539494e+01
 -1.13121871e+01 -9.01471748e+00 2.71030162e+01
 -1.12407750e+01 -9.02265585e+00 2.71506272e+01
 -1.11696255e+01 -9.03036641e+00 2.71970245e+01
 -1.10986996e+01 -9.03789451e+00 2.72424490e+01
 -1.10279595e+01 -9.04528530e+00 2.72871408e+01
 -1.09573684e+01 -9.05258381e+00 2.73313390e+01
 -1.08868901e+01 -9.05983488e+00 2.73752820e+01
 -1.08164897e+01 -9.06708322e+00 2.74192071e+01
 -1.07461331e+01 -9.07437337e+00 2.74633510e+01
 -1.06757871e+01 -9.08174974e+00 2.75079496e+01
 -1.06054194e+01 -9.08925658e+00 2.75532377e+01
 -1.05349988e+01 -9.09693796e+00 2.75994493e+01
 -1.04644948e+01 -9.10483781e+00 2.76468177e+01
 -1.03938781e+01 -9.11299988e+00 2.76955750e+01
 -1.03231200e+01 -9.12146773e+00 2.77459523e+01
 -1.02521931e+01 -9.13028473e+00 2.77981797e+01
 -1.01810706e+01 -9.13949400e+00 2.78524860e+01
 -1.01072119e+01 -9.15261612e+00 2.79275631e+01
 -1.00356940e+01 -9.16266107e+00 2.79862972e+01
 -9.96403188e+00 -9.17304972e+00 2.80468517e+01
 -9.89227694e+00 -9.18371632e+00 2.81088772e+01
 -9.82047911e+00 -9.19459540e+00 2.81720260e+01
 -9.74868694e+00 -9.20562179e+00 2.82359520e+01
 -9.67694756e+00 -9.21673063e+00 2.83003109e+01
 -9.60530671e+00 -9.22785738e+00 2.83647601e+01
 -9.53380870e+00 -9.23893785e+00 2.84289587e+01
 -9.46249646e+00 -9.24990814e+00 2.84925677e+01
 -9.39141154e+00 -9.26070468e+00 2.85552499e+01
 -9.32059411e+00 -9.27126422e+00 2.86166694e+01
 -9.25008299e+00 -9.28152377e+00 2.86764924e+01
 -9.17991569e+00 -9.29142065e+00 2.87343862e+01
 -9.11012838e+00 -9.30089240e+00 2.87900197e+01
 -9.04075595e+00 -9.30987680e+00 2.88430630e+01
 -8.97183203e+00 -9.31831182e+00 2.88931872e+01
 -8.90338902e+00 -9.32613558e+00 2.89400644e+01
 -8.83549653e+00 -9.33322641e+00 2.89830493e+01
 -8.76805441e+00 -9.33972585e+00 2.90228933e+01
 -8.70108051e+00 -9.34559283e+00 2.90593790e+01
 -8.63454892e+00 -9.35085480e+00 2.90926522e+01
 -8.56843438e+00 -9.35553901e+00 2.91228580e+01
 -8.50271223e+00 -9.35967254e+00 2.91501403e+01
 -8.43735840e+00 -9.36328231e+00 2.91746423e+01
 -8.37234938e+00 -9.36639511e+00 2.91965064e+01
 -8.30766227e+00 -9.36903760e+00 2.92158743e+01
 -8.24327468e+00 -9.37123632e+00 2.92328871e+01
 -8.17916479e+00 -9.37301773e+00 2.92476853e+01
 -8.11531130e+00 -9.37440818e+00 2.92604090e+01
 -8.05169346e+00 -9.37543397e+00 2.92711978e+01
 -7.98829101e+00 -9.37612130e+00 2.92801911e+01
 -7.92508422e+00 -9.37649636e+00 2.92875277e+01
 -7.86205386e+00 -9.37658527e+00 2.92933464e+01
 -7.79918119e+00 -9.37641410e+00 2.92977858e+01
 -7.73479566e+00 -9.37894223e+00 2.93165373e+01
 -7.67219760e+00 -9.37832895e+00 2.93186314e+01
 -7.60970411e+00 -9.37753348e+00 2.93197594e+01
 -7.54729855e+00 -9.37658154e+00 2.93200578e+01
 -7.48496477e+00 -9.37549884e+00 2.93196630e+01
 -7.42268708e+00 -9.37431109e+00 2.93187114e+01
 -7.36045026e+00 -9.37304401e+00 2.93173394e+01
 -7.29823957e+00 -9.37172331e+00 2.93156834e+01
 -7.23604070e+00 -9.37037472e+00 2.93138797e+01
 -7.17383986e+00 -9.36902397e+00 2.93120647e+01
 -7.11162368e+00 -9.36769681e+00 2.93103749e+01
 -7.04937928e+00 -9.36641896e+00 2.93089468e+01
 -6.98709423e+00 -9.36521620e+00 2.93079167e+01
 -6.92475659e+00 -9.36411428e+00 2.93074212e+01
 -6.86235485e+00 -9.36313896e+00 2.93075967e+01
 -6.79987802e+00 -9.36231599e+00 2.93085796e+01
 -6.73731554e+00 -9.36167114e+00 2.93105064e+01
 -6.67465734e+00 -9.36123014e+00 2.93135132e+01
 -6.61184368e+00 -9.36112297e+00 2.93182888e+01
 -6.54897181e+00 -9.36115514e+00 2.93238023e+01
 -6.48599815e+00 -9.36142302e+00 2.93305644e+01
 -6.42293082e+00 -9.36191610e+00 2.93385192e+01
 -6.35977781e+00 -9.36262382e+00 2.93476105e+01
 -6.29654687e+00 -9.36353562e+00 2.93577824e+01
 -6.23324558e+00 -9.36464096e+00 2.93689787e+01
 -6.16988135e+00 -9.36592925e+00 2.93811435e+01
 -6.10646136e+00 -9.36738993e+00 2.93942206e+01
 -6.04299263e+00 -9.36901243e+00 2.94081539e+01
 -5.97948196e+00 -9.37078618e+00 2.94228873e+01
 -5.91593597e+00 -9.37270062e+00 2.94383648e+01
 -5.85236109e+00 -9.37474519e+00 2.94545304e+01
 -5.78876355e+00 -9.37690933e+00 2.94713281e+01
 -5.72514937e+00 -9.37918250e+00 2.94887020e+01
 -5.66152440e+00 -9.38155416e+00 2.95065962e+01
 -5.59789427e+00 -9.38401379e+00 2.95249549e+01
 -5.53426443e+00 -9.38655087e+00 2.95437225e+01
 -5.46968183e+00 -9.39155536e+00 2.95755537e+01
 -5.40608401e+00 -9.39420324e+00 2.95949047e+01
 -5.34251482e+00 -9.39686299e+00 2.96143171e+01
 -5.27898746e+00 -9.39950078e+00 2.96336119e+01
 -5.21551449e+00 -9.40208286e+00 2.96526102e+01
 -5.15210784e+00 -9.40457550e+00 2.96711338e+01
 -5.08877880e+00 -9.40694504e+00 2.96890042e+01
 -5.02553806e+00 -9.40915785e+00 2.97060437e+01
 -4.96239565e+00 -9.41118032e+00 2.97220744e+01
 -4.89936100e+00 -9.41297890e+00 2.97369188e+01
 -4.83644292e+00 -9.41452002e+00 2.97503995e+01
 -4.77364961e+00 -9.41577016e+00 2.97623390e+01
 -4.71098864e+00 -9.41669579e+00 2.97725601e+01
 -4.64846700e+00 -9.41726335e+00 2.97808855e+01
 -4.58609106e+00 -9.41743929e+00 2.97871377e+01
 -4.52386660e+00 -9.41719001e+00 2.97911392e+01
 -4.46179879e+00 -9.41648185e+00 2.97927121e+01
 -4.39989224e+00 -9.41528111e+00 2.97916784e+01
 -4.33848072e+00 -9.41251483e+00 2.97823609e+01
 -4.27688462e+00 -9.41028745e+00 2.97758955e+01
 -4.21541777e+00 -9.40760472e+00 2.97670214e+01
 -4.15405897e+00 -9.40451604e+00 2.97560003e+01
 -4.09278790e+00 -9.40107078e+00 2.97430934e+01
 -4.03158516e+00 -9.39731834e+00 2.97285625e+01
 -3.97043222e+00 -9.39330815e+00 2.97126692e+01
 -3.90931145e+00 -9.38908969e+00 2.96956754e+01
 -3.84820609e+00 -9.38471249e+00 2.96778432e+01
 -3.78710027e+00 -9.38022616e+00 2.96594352e+01
 -3.72597900e+00 -9.37568038e+00 2.96407141e+01
 -3.66482816e+00 -9.37112492e+00 2.96219434e+01
 -3.60363453e+00 -9.36660963e+00 2.96033866e+01
 -3.54238576e+00 -9.36218444e+00 2.95853078e+01
 -3.48107040e+00 -9.35789937e+00 2.95679715e+01
 -3.41967786e+00 -9.35380450e+00 2.95516424e+01
 -3.35819848e+00 -9.34994999e+00 2.95365856e+01
 -3.29662348e+00 -9.34638603e+00 2.95230666e+01
 -3.23437739e+00 -9.34557225e+00 2.95240912e+01
 -3.17261843e+00 -9.34265765e+00 2.95140073e+01
 -3.11077798e+00 -9.34002637e+00 2.95054223e+01
 -3.04886746e+00 -9.33764437e+00 2.94981560e+01
 -2.98689767e+00 -9.33547756e+00 2.94920281e+01
 -2.92487882e+00 -9.33349182e+00 2.94868580e+01
 -2.86282049e+00 -9.33165298e+00 2.94824649e+01
 -2.80073164e+00 -9.32992686e+00 2.94786682e+01
 -2.73862062e+00 -9.32827927e+00 2.94752868e+01
 -2.67649517e+00 -9.32667596e+00 2.94721399e+01
 -2.61436241e+00 -9.32508271e+00 2.94690464e+01
 -2.55222883e+00 -9.32346526e+00 2.94658254e+01
 -2.49010031e+00 -9.32178934e+00 2.94622956e+01
 -2.42798211e+00 -9.32002067e+00 2.94582759e+01
 -2.36587887e+00 -9.31812495e+00 2.94535851e+01
 -2.30379462e+00 -9.31606786e+00 2.94480419e+01
 -2.24173275e+00 -9.31381504e+00 2.94414649e+01
 -2.18003502e+00 -9.30919304e+00 2.94223685e+01
 -2.11801436e+00 -9.30645611e+00 2.94132349e+01
 -2.05601428e+00 -9.30347654e+00 2.94028198e+01
 -1.99402892e+00 -9.30027193e+00 2.93912167e+01
 -1.93205276e+00 -9.29685993e+00 2.93785185e+01
 -1.87008060e+00 -9.29325814e+00 2.93648187e+01
 -1.80810752e+00 -9.28948421e+00 2.93502106e+01
 -1.74612897e+00 -9.28555579e+00 2.93347874e+01
 -1.68414068e+00 -9.28149054e+00 2.93186426e+01
 -1.62213872e+00 -9.27730616e+00 2.93018698e+01
 -1.56011946e+00 -9.27302035e+00 2.92845624e+01
 -1.49807961e+00 -9.26865084e+00 2.92668144e+01
 -1.43601619e+00 -9.26421540e+00 2.92487195e+01
 -1.37392652e+00 -9.25973180e+00 2.92303717e+01
 -1.31180828e+00 -9.25521788e+00 2.92118651e+01
 -1.24965943e+00 -9.25069146e+00 2.91932940e+01
 -1.18747827e+00 -9.24617043e+00 2.91747529e+01
 -1.12526342e+00 -9.24167268e+00 2.91563361e+01
 -1.06302230e+00 -9.23710601e+00 2.91375569e+01
 -1.00073716e+00 -9.23270268e+00 2.91196416e+01
 -9.38417518e-01 -9.22835500e+00 2.91020217e+01
 -8.76064064e-01 -9.22406430e+00 2.90847040e+01
 -8.13677491e-01 -9.21983194e+00 2.90676957e+01
 -7.51258523e-01 -9.21565922e+00 2.90510037e+01
 -6.88807906e-01 -9.21154750e+00 2.90346350e+01
 -6.26326412e-01 -9.20749810e+00 2.90185967e+01
 -5.63814835e-01 -9.20351236e+00 2.90028957e+01
 -5.01273995e-01 -9.19959161e+00 2.89875390e+01
 -4.38704735e-01 -9.19573720e+00 2.89725337e+01
 -3.76107921e-01 -9.19195045e+00 2.89578869e+01
 -3.13484445e-01 -9.18823271e+00 2.89436054e+01
 -2.50835221e-01 -9.18458531e+00 2.89296964e+01
 -1.88161190e-01 -9.18100959e+00 2.89161668e+01
 -1.25463314e-01 -9.17750689e+00 2.89030237e+01
 -6.27425800e-02 -9.17407855e+00 2.88902740e+01
 0.00000000e+00 -9.17072589e+00 2.88779248e+01
 6.27631809e-02 -9.16749671e+00 2.88662283e+01
 1.25546119e-01 -9.16429878e+00 2.88546975e+01
 1.88347757e-01 -9.16117871e+00 2.88435786e+01
 2.51167034e-01 -9.15813660e+00 2.88328719e+01
 3.14002888e-01 -9.15517255e+00 2.88225780e+01
 3.76854256e-01 -9.15228668e+00 2.88126974e+01
 4.39720073e-01 -9.14947908e+00 2.88032306e+01
 5.02599272e-01 -9.14674985e+00 2.87941780e+01
 5.65490784e-01 -9.14409908e+00 2.87855401e+01
 6.28393541e-01 -9.14152687e+00 2.87773174e+01
 6.91306470e-01 -9.13903332e+00 2.87695103e+01
 7.54228500e-01 -9.13661851e+00 2.87621192e+01
 8.17158555e-01 -9.13428253e+00 2.87551445e+01
 8.80095562e-01 -9.13202547e+00 2.87485867e+01
 9.43038443e-01 -9.12984742e+00 2.87424462e+01
 1.00598612e+00 -9.12774846e+00 2.87367233e+01
 1.06893752e+00 -9.12572866e+00 2.87314185e+01
 1.13189155e+00 -9.12378811e+00 2.87265320e+01
 1.19482432e+00 -9.12219273e+00 2.87234663e+01
 1.25777813e+00 -9.12042246e+00 2.87194786e+01
 1.32072882e+00 -9.11875719e+00 2.87160450e+01
 1.38367345e+00 -9.11721194e+00 2.87132445e+01
 1.44660884e+00 -9.11580174e+00 2.87111565e+01
 1.50953154e+00 -9.11454163e+00 2.87098599e+01
 1.57243781e+00 -9.11344660e+00 2.87094340e+01
 1.63532365e+00 -9.11253170e+00 2.87099578e+01
 1.69818480e+00 -9.11181191e+00 2.87115103e+01
 1.76101672e+00 -9.11130225e+00 2.87141705e+01
 1.82381461e+00 -9.11101769e+00 2.87180172e+01
 1.88657338e+00 -9.11097319e+00 2.87231292e+01
 1.94928769e+00 -9.11118371e+00 2.87295850e+01
 2.01195196e+00 -9.11166415e+00 2.87374633e+01
 2.07456029e+00 -9.11242941e+00 2.87468422e+01
 2.13710657e+00 -9.11349434e+00 2.87577999e+01
 2.19958439e+00 -9.11487375e+00 2.87704143e+01
 2.26198710e+00 -9.11658242e+00 2.87847631e+01
 2.32418766e+00 -9.11935420e+00 2.88047136e+01
 2.38642950e+00 -9.12168643e+00 2.88223462e+01
 2.44860088e+00 -9.12424741e+00 2.88411830e+01
 2.51070969e+00 -9.12697649e+00 2.88609042e+01
 2.57276485e+00 -9.12981307e+00 2.88811904e+01
 2.63477640e+00 -9.13269665e+00 2.89017228e+01
 2.69675542e+00 -9.13556684e+00 2.89221832e+01
 2.75871407e+00 -9.13836330e+00 2.89422536e+01
 2.82066561e+00 -9.14102581e+00 2.89616168e+01
 2.88262432e+00 -9.14349422e+00 2.89799560e+01
 2.94460558e+00 -9.14570844e+00 2.89969549e+01
 3.00662583e+00 -9.14760845e+00 2.90122973e+01
 3.06870258e+00 -9.14913428e+00 2.90256675e+01
 3.13085443e+00 -9.15022594e+00 2.90367499e+01
 3.19310105e+00 -9.15082347e+00 2.90452286e+01
 3.25546321e+00 -9.15086683e+00 2.90507880e+01
 3.31796275e+00 -9.15029593e+00 2.90531118e+01
 3.38076549e+00 -9.14846438e+00 2.90487961e+01
 3.44360482e+00 -9.14651506e+00 2.90438605e+01
 3.50661646e+00 -9.14391719e+00 2.90355099e+01
 3.56979117e+00 -9.14074069e+00 2.90241128e+01
 3.63311850e+00 -9.13705541e+00 2.90100375e+01
 3.69658670e+00 -9.13293124e+00 2.89936523e+01
 3.76018279e+00 -9.12843809e+00 2.89753255e+01
 3.82389249e+00 -9.12364592e+00 2.89554258e+01
 3.88770022e+00 -9.11862479e+00 2.89343221e+01
 3.95158915e+00 -9.11344489e+00 2.89123842e+01
 4.01554112e+00 -9.10817652e+00 2.88899822e+01
 4.07953666e+00 -9.10289010e+00 2.88674869e+01
 4.14355501e+00 -9.09765622e+00 2.88452700e+01
 4.20757409e+00 -9.09254558e+00 2.88237036e+01
 4.27157051e+00 -9.08762903e+00 2.88031605e+01
 4.33551955e+00 -9.08297753e+00 2.87840142e+01
 4.39939522e+00 -9.07866214e+00 2.87666385e+01
 4.46317018e+00 -9.07475401e+00 2.87514077e+01
 4.52676789e+00 -9.07147202e+00 2.87394736e+01
 4.59026798e+00 -9.06854858e+00 2.87294274e+01
 4.65362779e+00 -9.06609700e+00 2.87218653e+01
 4.71685471e+00 -9.06407661e+00 2.87165730e+01
 4.77995689e+00 -9.06244666e+00 2.87133357e+01
 4.84294323e+00 -9.06116633e+00 2.87119385e+01
 4.90582339e+00 -9.06019475e+00 2.87121660e+01
 4.96860778e+00 -9.05949101e+00 2.87138029e+01
 5.03130754e+00 -9.05901416e+00 2.87166335e+01
 5.09393458e+00 -9.05872326e+00 2.87204422e+01
 5.15650151e+00 -9.05857733e+00 2.87250135e+01
 5.21902173e+00 -9.05853542e+00 2.87301317e+01
 5.28150932e+00 -9.05855658e+00 2.87355814e+01
 5.34397912e+00 -9.05859986e+00 2.87411470e+01
 5.40644671e+00 -9.05862432e+00 2.87466134e+01
 5.46892837e+00 -9.05858905e+00 2.87517652e+01
 5.53144115e+00 -9.05845314e+00 2.87563872e+01
 5.59400279e+00 -9.05817567e+00 2.87602645e+01
 5.65620286e+00 -9.05877346e+00 2.87687449e+01
 5.71889974e+00 -9.05812429e+00 2.87706666e+01
 5.78166556e+00 -9.05730086e+00 2.87716718e+01
 5.84449537e+00 -9.05632062e+00 2.87718523e+01
 5.90738388e+00 -9.05520102e+00 2.87713000e+01
 5.97032551e+00 -9.05395951e+00 2.87701068e+01
 6.03331436e+00 -9.05261352e+00 2.87683643e+01
 6.09634421e+00 -9.05118050e+00 2.87661643e+01
 6.15940853e+00 -9.04967789e+00 2.87635987e+01
 6.22250047e+00 -9.04812315e+00 2.87607592e+01
 6.28561287e+00 -9.04653372e+00 2.87577377e+01
 6.34873827e+00 -9.04492707e+00 2.87546259e+01
 6.41186885e+00 -9.04332068e+00 2.87515158e+01
 6.47499652e+00 -9.04173200e+00 2.87484991e+01
 6.53811283e+00 -9.04017854e+00 2.87456677e+01
 6.60120906e+00 -9.03867777e+00 2.87431137e+01
 6.66427613e+00 -9.03724720e+00 2.87409289e+01
 6.72730467e+00 -9.03590432e+00 2.87392052e+01
 6.79078800e+00 -9.03363231e+00 2.87325982e+01
 6.85372131e+00 -9.03250392e+00 2.87320024e+01
 6.91660024e+00 -9.03148735e+00 2.87319944e+01
 6.97942266e+00 -9.03058389e+00 2.87325808e+01
 7.04218638e+00 -9.02979482e+00 2.87337684e+01
 7.10488924e+00 -9.02912140e+00 2.87355637e+01
 7.16752903e+00 -9.02856490e+00 2.87379733e+01
 7.23010351e+00 -9.02812658e+00 2.87410038e+01
 7.29261045e+00 -9.02780770e+00 2.87446617e+01
 7.35504758e+00 -9.02760951e+00 2.87489535e+01
 7.41741261e+00 -9.02753327e+00 2.87538857e+01
 7.47970324e+00 -9.02758021e+00 2.87594648e+01
 7.54191715e+00 -9.02775157e+00 2.87656972e+01
 7.60405199e+00 -9.02804858e+00 2.87725892e+01
 7.66610541e+00 -9.02847247e+00 2.87801474e+01
 7.72807501e+00 -9.02902447e+00 2.87883779e+01
 7.78995841e+00 -9.02970578e+00 2.87972872e+01
 7.85175319e+00 -9.03051762e+00 2.88068814e+01
 7.91191819e+00 -9.03417505e+00 2.88314210e+01
 7.97353159e+00 -9.03522470e+00 2.88422624e+01
 8.03507615e+00 -9.03636177e+00 2.88535621e+01
 8.09656382e+00 -9.03756366e+00 2.88652014e+01
 8.15800694e+00 -9.03880775e+00 2.88770616e+01
 8.21941827e+00 -9.04007148e+00 2.88890240e+01
 8.28081093e+00 -9.04133228e+00 2.89009702e+01
 8.34219845e+00 -9.04256762e+00 2.89127819e+01
 8.40359476e+00 -9.04375496e+00 2.89243407e+01
 8.46501417e+00 -9.04487181e+00 2.89355286e+01
 8.52647139e+00 -9.04589567e+00 2.89462275e+01
 8.58798151e+00 -9.04680406e+00 2.89563194e+01
 8.64956005e+00 -9.04757452e+00 2.89656864e+01
 8.71122288e+00 -9.04818459e+00 2.89742108e+01
 8.77298630e+00 -9.04861182e+00 2.89817748e+01
 8.83486701e+00 -9.04883375e+00 2.89882605e+01
 8.89688210e+00 -9.04882793e+00 2.89935504e+01
 8.95981366e+00 -9.04738293e+00 2.89912856e+01
 9.02215476e+00 -9.04685574e+00 2.89938384e+01
 9.08467972e+00 -9.04603987e+00 2.89948760e+01
 9.14740352e+00 -9.04491840e+00 2.89943096e+01
 9.21034147e+00 -9.04347440e+00 2.89920507e+01
 9.27350918e+00 -9.04169089e+00 2.89880101e+01
 9.33692261e+00 -9.03955083e+00 2.89820989e+01
 9.40059807e+00 -9.03703717e+00 2.89742276e+01
 9.46455218e+00 -9.03413275e+00 2.89643066e+01
 9.52880194e+00 -9.03082039e+00 2.89522458e+01
 9.59336469e+00 -9.02708283e+00 2.89379549e+01
 9.65825813e+00 -9.02290271e+00 2.89213431e+01
 9.72350035e+00 -9.01826260e+00 2.89023193e+01
 9.78910979e+00 -9.01314499e+00 2.88807918e+01
 9.85510529e+00 -9.00753223e+00 2.88566683e+01
 9.92150608e+00 -9.00140658e+00 2.88298560e+01
 9.98833181e+00 -8.99475018e+00 2.88002616e+01
 1.00556025e+01 -8.98754503e+00 2.87677910e+01
 1.01233882e+01 -8.97970452e+00 2.87319901e+01
 1.01915884e+01 -8.97137836e+00 2.86936446e+01
 1.02602220e+01 -8.96254969e+00 2.86526664e+01
 1.03292550e+01 -8.95327374e+00 2.86093454e+01
 1.03986522e+01 -8.94360590e+00 2.85639725e+01
 1.04683776e+01 -8.93360169e+00 2.85168389e+01
 1.05383938e+01 -8.92331684e+00 2.84682372e+01
 1.06086624e+01 -8.91280727e+00 2.84184608e+01
 1.06791437e+01 -8.90212911e+00 2.83678041e+01
 1.07497969e+01 -8.89133873e+00 2.83165629e+01
 1.08205801e+01 -8.88049275e+00 2.82650341e+01
 1.08914500e+01 -8.86964801e+00 2.82135157e+01
 1.09623623e+01 -8.85886160e+00 2.81623071e+01
 1.10332714e+01 -8.84819086e+00 2.81117088e+01
 1.11041304e+01 -8.83769338e+00 2.80620228e+01
 1.11748913e+01 -8.82742696e+00 2.80135519e+01
 1.12455049e+01 -8.81744963e+00 2.79666002e+01
 1.13159207e+01 -8.80781961e+00 2.79214727e+01
 1.13810380e+01 -8.80487635e+00 2.79113998e+01
 1.14509332e+01 -8.79604354e+00 2.78704567e+01
 1.15206336e+01 -8.78753599e+00 2.78312215e+01
 1.15901893e+01 -8.77928734e+00 2.77933463e+01
 1.16596514e+01 -8.77123097e+00 2.77564818e+01
 1.17290725e+01 -8.76330006e+00 2.77202776e+01
 1.17985067e+01 -8.75542757e+00 2.76843824e+01
 1.18680094e+01 -8.74754624e+00 2.76484437e+01
 1.19376373e+01 -8.73958862e+00 2.76121079e+01
 1.20074484e+01 -8.73148706e+00 2.75750206e+01
 1.20775024e+01 -8.72317366e+00 2.75368262e+01
 1.21478601e+01 -8.71458032e+00 2.74971680e+01
 1.22185839e+01 -8.70563870e+00 2.74556879e+01
 1.22897375e+01 -8.69628015e+00 2.74120267e+01
 1.23613863e+01 -8.68643577e+00 2.73658234e+01
 1.24335970e+01 -8.67603630e+00 2.73167156e+01
 1.25064379e+01 -8.66501212e+00 2.72643389e+01
 1.25799791e+01 -8.65329320e+00 2.72083268e+01
 1.26571519e+01 -8.63757429e+00 2.71313658e+01
 1.27321746e+01 -8.62442247e+00 2.70678573e+01
 1.28077997e+01 -8.61071700e+00 2.70014538e+01
 1.28839204e+01 -8.59658511e+00 2.69328218e+01
 1.29604271e+01 -8.58215466e+00 2.68626313e+01
 1.30372072e+01 -8.56755423e+00 2.67915559e+01
 1.31141452e+01 -8.55291315e+00 2.67202730e+01
 1.31911225e+01 -8.53836147e+00 2.66494638e+01
 1.32680177e+01 -8.52403002e+00 2.65798132e+01
 1.33447062e+01 -8.51005035e+00 2.65120101e+01
 1.34210604e+01 -8.49655470e+00 2.64467466e+01
 1.34969500e+01 -8.48367595e+00 2.63847184e+01
 1.35722415e+01 -8.47154756e+00 2.63266236e+01
 1.36467988e+01 -8.46030342e+00 2.62731630e+01
 1.37204830e+01 -8.45007782e+00 2.62250392e+01
 1.37931526e+01 -8.44100524e+00 2.61829555e+01
 1.38646636e+01 -8.43322026e+00 2.61476158e+01
 1.39348697e+01 -8.42685737e+00 2.61197234e+01
