 -1.30327702e+01 -1.16107879e+01 2.56819065e+01
 -1.29542582e+01 -1.16230852e+01 2.57586644e+01
 -1.28777314e+01 -1.16335336e+01 2.58244388e+01
 -1.28029703e+01 -1.16423248e+01 2.58803693e+01
 -1.27297612e+01 -1.16496489e+01 2.59275842e+01
 -1.26578955e+01 -1.16556941e+01 2.59672026e+01
 -1.25871699e+01 -1.16606476e+01 2.60003366e+01
 -1.25173857e+01 -1.16646957e+01 2.60280924e+01
 -1.24483489e+01 -1.16680238e+01 2.60515721e+01
 -1.23798695e+01 -1.16708169e+01 2.60718741e+01
 -1.23117620e+01 -1.16732596e+01 2.60900944e+01
 -1.22438448e+01 -1.16755361e+01 2.61073273e+01
 -1.21759403e+01 -1.16778305e+01 2.61246651e+01
 -1.21078749e+01 -1.16803264e+01 2.61431987e+01
 -1.20394791e+01 -1.16832074e+01 2.61640175e+01
 -1.19705873e+01 -1.16866566e+01 2.61882087e+01
 -1.19010382e+01 -1.16908569e+01 2.62168569e+01
 -1.18306747e+01 -1.16959903e+01 2.62510431e+01
 -1.17607301e+01 -1.17007325e+01 2.62829056e+01
 -1.16885025e+01 -1.17080287e+01 2.63299266e+01
 -1.16154749e+01 -1.17162925e+01 2.63826894e+01
 -1.15417554e+01 -1.17254211e+01 2.64405815e+01
 -1.14674501e+01 -1.17353112e+01 2.65029916e+01
 -1.13926624e+01 -1.17458604e+01 2.65693098e+01
 -1.13174935e+01 -1.17569662e+01 2.66389284e+01
 -1.12420421e+01 -1.17685267e+01 2.67112424e+01
 -1.11664044e+01 -1.17804406e+01 2.67856496e+01
 -1.10906739e+01 -1.17926069e+01 2.68615511e+01
 -1.10149419e+01 -1.18049253e+01 2.69383513e+01
 -1.09392967e+01 -1.18172961e+01 2.70154583e+01
 -1.08638245e+01 -1.18296200e+01 2.70922837e+01
 -1.07886086e+01 -1.18417987e+01 2.71682429e+01
 -1.07137299e+01 -1.18537341e+01 2.72427545e+01
 -1.06392669e+01 -1.18653288e+01 2.73152409e+01
 -1.05652957e+01 -1.18764859e+01 2.73851274e+01
 -1.04918886e+01 -1.18871107e+01 2.74518511e+01
 -1.04190444e+01 -1.18971946e+01 2.75153625e+01
 -1.03467193e+01 -1.19067809e+01 2.75759179e+01
 -1.02748666e+01 -1.19159173e+01 2.76338010e+01
 -1.02034407e+01 -1.19246513e+01 2.76892940e+01
 -1.01323972e+01 -1.19330302e+01 2.77426773e+01
 -1.00616931e+01 -1.19411010e+01 2.77942300e+01
 -9.99128614e+00 -1.19489104e+01 2.78442295e+01
 -9.92113551e+00 -1.19565051e+01 2.78929523e+01
 -9.85120138e+00 -1.19639313e+01 2.79406736e+01
 -9.78144500e+00 -1.19712353e+01 2.79876674e+01
 -9.71182873e+00 -1.19784631e+01 2.80342066e+01
 -9.64231598e+00 -1.19856605e+01 2.80805632e+01
 -9.57287125e+00 -1.19928731e+01 2.81270080e+01
 -9.50346007e+00 -1.20001466e+01 2.81738110e+01
 -9.43404905e+00 -1.20075261e+01 2.82212410e+01
 -9.36460585e+00 -1.20150570e+01 2.82695657e+01
 -9.29290275e+00 -1.20257246e+01 2.83364921e+01
 -9.22334866e+00 -1.20336505e+01 2.83871547e+01
 -9.15376492e+00 -1.20417350e+01 2.84387549e+01
 -9.08418874e+00 -1.20499304e+01 2.84910103e+01
 -9.01465624e+00 -1.20581894e+01 2.85436401e+01
 -8.94520242e+00 -1.20664647e+01 2.85963644e+01
 -8.87586119e+00 -1.20747095e+01 2.86489046e+01
 -8.80666535e+00 -1.20828769e+01 2.87009831e+01
 -8.73764661e+00 -1.20909203e+01 2.87523239e+01
 -8.66883561e+00 -1.20987933e+01 2.88026516e+01
 -8.60026191e+00 -1.21064496e+01 2.88516922e+01
 -8.53195402e+00 -1.21138433e+01 2.88991728e+01
 -8.46393940e+00 -1.21209284e+01 2.89448212e+01
 -8.39624447e+00 -1.21276591e+01 2.89883661e+01
 -8.32889467e+00 -1.21339897e+01 2.90295370e+01
 -8.26191440e+00 -1.21398747e+01 2.90680641e+01
 -8.19532713e+00 -1.21452687e+01 2.91036777e+01
 -8.13050451e+00 -1.21480827e+01 2.91239951e+01
 -8.06474220e+00 -1.21523843e+01 2.91531301e+01
 -7.99936624e+00 -1.21561687e+01 2.91791972e+01
 -7.93433722e+00 -1.21594846e+01 2.92024862e+01
 -7.86961681e+00 -1.21623808e+01 2.92232859e+01
 -7.80516780e+00 -1.21649058e+01 2.92418843e+01
 -7.74095401e+00 -1.21671080e+01 2.92585684e+01
 -7.67694033e+00 -1.21690357e+01 2.92736249e+01
 -7.61309269e+00 -1.21707372e+01 2.92873396e+01
 -7.54937804e+00 -1.21722606e+01 2.92999982e+01
 -7.48576435e+00 -1.21736540e+01 2.93118856e+01
 -7.42222061e+00 -1.21749654e+01 2.93232869e+01
 -7.35871679e+00 -1.21762429e+01 2.93344864e+01
 -7.29522389e+00 -1.21775345e+01 2.93457684e+01
 -7.23171389e+00 -1.21788880e+01 2.93574171e+01
 -7.16815978e+00 -1.21803513e+01 2.93697160e+01
 -7.10453556e+00 -1.21819723e+01 2.93829486e+01
 -7.04081621e+00 -1.21837987e+01 2.93973980e+01
 -6.97626557e+00 -1.21871308e+01 2.94207687e+01
 -6.91233948e+00 -1.21894259e+01 2.94379931e+01
 -6.84833251e+00 -1.21919188e+01 2.94563890e+01
 -6.78426383e+00 -1.21945803e+01 2.94757830e+01
 -6.72015203e+00 -1.21973813e+01 2.94960024e+01
 -6.65601505e+00 -1.22002925e+01 2.95168744e+01
 -6.59187024e+00 -1.22032850e+01 2.95382264e+01
 -6.52773431e+00 -1.22063297e+01 2.95598864e+01
 -6.46362337e+00 -1.22093975e+01 2.95816824e+01
 -6.39955292e+00 -1.22124595e+01 2.96034428e+01
 -6.33553782e+00 -1.22154868e+01 2.96249965e+01
 -6.27159235e+00 -1.22184504e+01 2.96461723e+01
 -6.20773015e+00 -1.22213217e+01 2.96667997e+01
 -6.14396427e+00 -1.22240718e+01 2.96867082e+01
 -6.08030715e+00 -1.22266719e+01 2.97057277e+01
 -6.01677061e+00 -1.22290935e+01 2.97236882e+01
 -5.95336591e+00 -1.22313078e+01 2.97404201e+01
 -5.89129553e+00 -1.22308137e+01 2.97411100e+01
 -5.82815581e+00 -1.22325641e+01 2.97550928e+01
 -5.76514250e+00 -1.22340974e+01 2.97677898e+01
 -5.70224532e+00 -1.22354287e+01 2.97792894e+01
 -5.63945431e+00 -1.22365728e+01 2.97896800e+01
 -5.57675982e+00 -1.22375446e+01 2.97990497e+01
 -5.51415252e+00 -1.22383590e+01 2.98074865e+01
 -5.45162338e+00 -1.22390307e+01 2.98150783e+01
 -5.38916370e+00 -1.22395747e+01 2.98219129e+01
 -5.32676505e+00 -1.22400056e+01 2.98280779e+01
 -5.26441934e+00 -1.22403383e+01 2.98336611e+01
 -5.20211878e+00 -1.22405875e+01 2.98387498e+01
 -5.13985587e+00 -1.22407681e+01 2.98434317e+01
 -5.07762342e+00 -1.22408948e+01 2.98477942e+01
 -5.01541454e+00 -1.22409823e+01 2.98519248e+01
 -4.95322265e+00 -1.22410455e+01 2.98559107e+01
 -4.89104146e+00 -1.22410990e+01 2.98598394e+01
 -4.82874755e+00 -1.22414544e+01 2.98655557e+01
 -4.76657721e+00 -1.22415186e+01 2.98695472e+01
 -4.70441488e+00 -1.22415798e+01 2.98735209e+01
 -4.64226417e+00 -1.22416284e+01 2.98774197e+01
 -4.58012851e+00 -1.22416547e+01 2.98811864e+01
 -4.51801112e+00 -1.22416491e+01 2.98847641e+01
 -4.45591504e+00 -1.22416020e+01 2.98880959e+01
 -4.39384310e+00 -1.22415037e+01 2.98911246e+01
 -4.33179794e+00 -1.22413446e+01 2.98937933e+01
 -4.26978200e+00 -1.22411151e+01 2.98960451e+01
 -4.20779753e+00 -1.22408055e+01 2.98978229e+01
 -4.14584658e+00 -1.22404062e+01 2.98990698e+01
 -4.08393101e+00 -1.22399076e+01 2.98997287e+01
 -4.02205249e+00 -1.22393001e+01 2.98997427e+01
 -3.96021248e+00 -1.22385739e+01 2.98990548e+01
 -3.89841226e+00 -1.22377194e+01 2.98976078e+01
 -3.83665291e+00 -1.22367271e+01 2.98953447e+01
 -3.77488317e+00 -1.22357557e+01 2.98932062e+01
 -3.71320544e+00 -1.22344698e+01 2.98892065e+01
 -3.65155915e+00 -1.22330559e+01 2.98844493e+01
 -3.58993661e+00 -1.22315334e+01 2.98790500e+01
 -3.52833055e+00 -1.22299218e+01 2.98731239e+01
 -3.46673406e+00 -1.22282407e+01 2.98667866e+01
 -3.40514064e+00 -1.22265096e+01 2.98601537e+01
 -3.34354419e+00 -1.22247479e+01 2.98533405e+01
 -3.28193900e+00 -1.22229753e+01 2.98464629e+01
 -3.22031974e+00 -1.22212113e+01 2.98396365e+01
 -3.15868149e+00 -1.22194754e+01 2.98329770e+01
 -3.09701972e+00 -1.22177872e+01 2.98266004e+01
 -3.03533028e+00 -1.22161664e+01 2.98206224e+01
 -2.97360944e+00 -1.22146326e+01 2.98151590e+01
 -2.91185384e+00 -1.22132052e+01 2.98103262e+01
 -2.85006054e+00 -1.22119041e+01 2.98062400e+01
 -2.78822698e+00 -1.22107487e+01 2.98030164e+01
 -2.72627076e+00 -1.22101186e+01 2.98029003e+01
 -2.66435438e+00 -1.22093048e+01 2.98016972e+01
 -2.60240140e+00 -1.22086532e+01 2.98014540e+01
 -2.54041804e+00 -1.22081458e+01 2.98020639e+01
 -2.47841015e+00 -1.22077646e+01 2.98034200e+01
 -2.41638323e+00 -1.22074915e+01 2.98054154e+01
 -2.35434239e+00 -1.22073085e+01 2.98079432e+01
 -2.29229240e+00 -1.22071974e+01 2.98108964e+01
 -2.23023764e+00 -1.22071402e+01 2.98141683e+01
 -2.16818213e+00 -1.22071188e+01 2.98176518e+01
 -2.10612955e+00 -1.22071152e+01 2.98212402e+01
 -2.04408316e+00 -1.22071112e+01 2.98248266e+01
 -1.98204590e+00 -1.22070889e+01 2.98283043e+01
 -1.92002033e+00 -1.22070302e+01 2.98315665e+01
 -1.85800863e+00 -1.22069171e+01 2.98345065e+01
 -1.79601262e+00 -1.22067313e+01 2.98370175e+01
 -1.73403376e+00 -1.22064551e+01 2.98389929e+01
 -1.67207315e+00 -1.22060702e+01 2.98403259e+01
 -1.61025276e+00 -1.22046379e+01 2.98354665e+01
 -1.54832527e+00 -1.22039856e+01 2.98352187e+01
 -1.48641625e+00 -1.22031779e+01 2.98340519e+01
 -1.42452499e+00 -1.22022005e+01 2.98318823e+01
 -1.36265050e+00 -1.22010392e+01 2.98286257e+01
 -1.30079150e+00 -1.21996798e+01 2.98241980e+01
 -1.23894643e+00 -1.21981080e+01 2.98185148e+01
 -1.17711343e+00 -1.21963095e+01 2.98114918e+01
 -1.11529036e+00 -1.21942699e+01 2.98030444e+01
 -1.05347480e+00 -1.21919750e+01 2.97930879e+01
 -9.91664027e-01 -1.21894102e+01 2.97815372e+01
 -9.29855044e-01 -1.21865613e+01 2.97683072e+01
 -8.68044560e-01 -1.21834136e+01 2.97533125e+01
 -8.06228992e-01 -1.21799528e+01 2.97364672e+01
 -7.44404470e-01 -1.21761641e+01 2.97176854e+01
 -6.82566831e-01 -1.21720330e+01 2.96968806e+01
 -6.20711619e-01 -1.21675447e+01 2.96739661e+01
 -5.58845277e-01 -1.21624388e+01 2.96474027e+01
 -4.96936986e-01 -1.21572446e+01 2.96203191e+01
 -4.34992350e-01 -1.21517663e+01 2.95915575e+01
 -3.73005415e-01 -1.21460578e+01 2.95614377e+01
 -3.10971316e-01 -1.21401734e+01 2.95302798e+01
 -2.48886287e-01 -1.21341674e+01 2.94984048e+01
 -1.86747657e-01 -1.21280942e+01 2.94661345e+01
 -1.24553857e-01 -1.21220084e+01 2.94337916e+01
 -6.23044228e-02 -1.21159648e+01 2.94016994e+01
 0.00000000e+00 -1.21100182e+01 2.93701824e+01
 6.23576551e-02 -1.21042237e+01 2.93395656e+01
 1.24765670e-01 -1.20986365e+01 2.93101751e+01
 1.87220054e-01 -1.20933119e+01 2.92823373e+01
 2.49715694e-01 -1.20883053e+01 2.92563797e+01
 3.12246355e-01 -1.20836721e+01 2.92326299e+01
 3.74804674e-01 -1.20794680e+01 2.92114160e+01
 4.37382165e-01 -1.20757486e+01 2.91930664e+01
 4.99854227e-01 -1.20754095e+01 2.91946866e+01
 5.62427778e-01 -1.20727813e+01 2.91827845e+01
 6.24995171e-01 -1.20706777e+01 2.91739817e+01
 6.87550059e-01 -1.20690696e+01 2.91681062e+01
 7.50086692e-01 -1.20679279e+01 2.91649856e+01
 8.12599914e-01 -1.20672232e+01 2.91644471e+01
 8.75085170e-01 -1.20669264e+01 2.91663171e+01
 9.37538501e-01 -1.20670079e+01 2.91704220e+01
 9.99956550e-01 -1.20674384e+01 2.91765877e+01
 1.06233656e+00 -1.20681884e+01 2.91846401e+01
 1.12467636e+00 -1.20692284e+01 2.91944047e+01
 1.18697439e+00 -1.20705289e+01 2.92057073e+01
 1.24922970e+00 -1.20720604e+01 2.92183734e+01
 1.31144191e+00 -1.20737934e+01 2.92322287e+01
 1.37361124e+00 -1.20756984e+01 2.92470990e+01
 1.43573853e+00 -1.20777459e+01 2.92628103e+01
 1.49782518e+00 -1.20799066e+01 2.92791886e+01
 1.55982272e+00 -1.20825500e+01 2.92984171e+01
 1.62183208e+00 -1.20848532e+01 2.93156356e+01
 1.68380622e+00 -1.20871984e+01 2.93331012e+01
 1.74574680e+00 -1.20895695e+01 2.93507185e+01
 1.80765579e+00 -1.20919503e+01 2.93683924e+01
 1.86953548e+00 -1.20943246e+01 2.93860277e+01
 1.93138850e+00 -1.20966766e+01 2.94035295e+01
 1.99321779e+00 -1.20989900e+01 2.94208030e+01
 2.05502662e+00 -1.21012489e+01 2.94377537e+01
 2.11681855e+00 -1.21034371e+01 2.94542868e+01
 2.17859751e+00 -1.21055389e+01 2.94703082e+01
 2.24036771e+00 -1.21075380e+01 2.94857233e+01
 2.30213370e+00 -1.21094187e+01 2.95004381e+01
 2.36390034e+00 -1.21111649e+01 2.95143584e+01
 2.42567282e+00 -1.21127606e+01 2.95273901e+01
 2.48745664e+00 -1.21141900e+01 2.95394394e+01
 2.54925762e+00 -1.21154372e+01 2.95504121e+01
 2.61115973e+00 -1.21161197e+01 2.95580520e+01
 2.67301378e+00 -1.21169631e+01 2.95666410e+01
 2.73489458e+00 -1.21176202e+01 2.95741302e+01
 2.79679938e+00 -1.21181155e+01 2.95806638e+01
 2.85872496e+00 -1.21184733e+01 2.95863863e+01
 2.92066758e+00 -1.21187182e+01 2.95914418e+01
 2.98262305e+00 -1.21188746e+01 2.95959744e+01
 3.04458666e+00 -1.21189667e+01 2.96001281e+01
 3.10655321e+00 -1.21190191e+01 2.96040469e+01
 3.16851702e+00 -1.21190561e+01 2.96078748e+01
 3.23047192e+00 -1.21191021e+01 2.96117555e+01
 3.29241123e+00 -1.21191814e+01 2.96158329e+01
 3.35432781e+00 -1.21193185e+01 2.96202508e+01
 3.41621401e+00 -1.21195377e+01 2.96251529e+01
 3.47806168e+00 -1.21198633e+01 2.96306827e+01
 3.53986221e+00 -1.21203198e+01 2.96369840e+01
 3.60160649e+00 -1.21209313e+01 2.96442000e+01
 3.66328491e+00 -1.21217222e+01 2.96524742e+01
 3.72511217e+00 -1.21219757e+01 2.96575772e+01
 3.78664823e+00 -1.21231454e+01 2.96680849e+01
 3.84811884e+00 -1.21244665e+01 2.96794857e+01
 3.90953111e+00 -1.21259097e+01 2.96916056e+01
 3.97089271e+00 -1.21274454e+01 2.97042708e+01
 4.03221191e+00 -1.21290443e+01 2.97173079e+01
 4.09349755e+00 -1.21306768e+01 2.97305432e+01
 4.15475907e+00 -1.21323138e+01 2.97438037e+01
 4.21600648e+00 -1.21339258e+01 2.97569163e+01
 4.27725039e+00 -1.21354835e+01 2.97697080e+01
 4.33850198e+00 -1.21369576e+01 2.97820063e+01
 4.39977301e+00 -1.21383189e+01 2.97936386e+01
 4.46107582e+00 -1.21395382e+01 2.98044325e+01
 4.52242334e+00 -1.21405862e+01 2.98142158e+01
 4.58382909e+00 -1.21414337e+01 2.98228162e+01
 4.64530717e+00 -1.21420515e+01 2.98300617e+01
 4.70687226e+00 -1.21424104e+01 2.98357801e+01
 4.76817372e+00 -1.21434218e+01 2.98453463e+01
 4.82994032e+00 -1.21432113e+01 2.98477067e+01
 4.89180793e+00 -1.21427376e+01 2.98485149e+01
 4.95377215e+00 -1.21420215e+01 2.98478934e+01
 5.01582816e+00 -1.21410835e+01 2.98459644e+01
 5.07797075e+00 -1.21399445e+01 2.98428501e+01
 5.14019428e+00 -1.21386252e+01 2.98386727e+01
 5.20249268e+00 -1.21371462e+01 2.98335542e+01
 5.26485950e+00 -1.21355283e+01 2.98276168e+01
 5.32728785e+00 -1.21337920e+01 2.98209824e+01
 5.38977040e+00 -1.21319583e+01 2.98137732e+01
 5.45229943e+00 -1.21300476e+01 2.98061114e+01
 5.51486678e+00 -1.21280809e+01 2.97981192e+01
 5.57746386e+00 -1.21260788e+01 2.97899189e+01
 5.64008168e+00 -1.21240620e+01 2.97816330e+01
 5.70271080e+00 -1.21220515e+01 2.97733838e+01
 5.76534136e+00 -1.21200678e+01 2.97652940e+01
 5.82871469e+00 -1.21165486e+01 2.97481531e+01
 5.89133091e+00 -1.21146686e+01 2.97406753e+01
 5.95393405e+00 -1.21128420e+01 2.97335123e+01
 6.01652522e+00 -1.21110648e+01 2.97266411e+01
 6.07910559e+00 -1.21093332e+01 2.97200387e+01
 6.14167645e+00 -1.21076431e+01 2.97136818e+01
 6.20423914e+00 -1.21059908e+01 2.97075474e+01
 6.26679510e+00 -1.21043722e+01 2.97016124e+01
 6.32934583e+00 -1.21027835e+01 2.96958535e+01
 6.39189292e+00 -1.21012207e+01 2.96902476e+01
 6.45443805e+00 -1.20996798e+01 2.96847716e+01
 6.51698297e+00 -1.20981570e+01 2.96794022e+01
 6.57952952e+00 -1.20966483e+01 2.96741163e+01
 6.64207960e+00 -1.20951498e+01 2.96688905e+01
 6.70463521e+00 -1.20936575e+01 2.96637018e+01
 6.76719842e+00 -1.20921675e+01 2.96585269e+01
 6.82977139e+00 -1.20906759e+01 2.96533425e+01
 6.89036971e+00 -1.20927244e+01 2.96690160e+01
 6.95295155e+00 -1.20912169e+01 2.96637381e+01
 7.01555270e+00 -1.20896913e+01 2.96583542e+01
 7.07817779e+00 -1.20881401e+01 2.96528195e+01
 7.14083164e+00 -1.20865556e+01 2.96470893e+01
 7.20351918e+00 -1.20849303e+01 2.96411189e+01
 7.26624552e+00 -1.20832566e+01 2.96348634e+01
 7.32901594e+00 -1.20815268e+01 2.96282779e+01
 7.39183584e+00 -1.20797333e+01 2.96213178e+01
 7.45471081e+00 -1.20778685e+01 2.96139380e+01
 7.51764659e+00 -1.20759247e+01 2.96060937e+01
 7.58064906e+00 -1.20738944e+01 2.95977398e+01
 7.64372429e+00 -1.20717699e+01 2.95888314e+01
 7.70687848e+00 -1.20695434e+01 2.95793233e+01
 7.77011800e+00 -1.20672075e+01 2.95691706e+01
 7.83344940e+00 -1.20647542e+01 2.95583280e+01
 7.89687936e+00 -1.20621761e+01 2.95467502e+01
 7.96185917e+00 -1.20572287e+01 2.95212204e+01
 8.02551807e+00 -1.20543778e+01 2.95080383e+01
 8.08929327e+00 -1.20513840e+01 2.94940147e+01
 8.15318880e+00 -1.20482443e+01 2.94791331e+01
 8.21720875e+00 -1.20449559e+01 2.94633769e+01
 8.28135727e+00 -1.20415160e+01 2.94467292e+01
 8.34563857e+00 -1.20379217e+01 2.94291734e+01
 8.41005695e+00 -1.20341702e+01 2.94106925e+01
 8.47461675e+00 -1.20302585e+01 2.93912696e+01
 8.53932239e+00 -1.20261837e+01 2.93708877e+01
 8.60417837e+00 -1.20219430e+01 2.93495296e+01
 8.66918923e+00 -1.20175333e+01 2.93271783e+01
 8.73435960e+00 -1.20129518e+01 2.93038163e+01
 8.79969419e+00 -1.20081955e+01 2.92794264e+01
 8.86519775e+00 -1.20032614e+01 2.92539910e+01
 8.93087513e+00 -1.19981464e+01 2.92274926e+01
 8.99673124e+00 -1.19928477e+01 2.91999135e+01
 9.06277106e+00 -1.19873621e+01 2.91712360e+01
 9.12828889e+00 -1.19826519e+01 2.91471245e+01
 9.19469869e+00 -1.19767940e+01 2.91162585e+01
 9.26129282e+00 -1.19707598e+01 2.90843559e+01
 9.32806818e+00 -1.19645568e+01 2.90514618e+01
 9.39502150e+00 -1.19581927e+01 2.90176214e+01
 9.46214937e+00 -1.19516753e+01 2.89828801e+01
 9.52944820e+00 -1.19450121e+01 2.89472831e+01
 9.59691421e+00 -1.19382110e+01 2.89108760e+01
 9.66454349e+00 -1.19312797e+01 2.88737042e+01
 9.73233194e+00 -1.19242258e+01 2.88358135e+01
 9.80027530e+00 -1.19170572e+01 2.87972495e+01
 9.86836911e+00 -1.19097817e+01 2.87580581e+01
 9.93660877e+00 -1.19024070e+01 2.87182855e+01
 1.00049895e+01 -1.18949410e+01 2.86779776e+01
 1.00735063e+01 -1.18873916e+01 2.86371808e+01
 1.01421540e+01 -1.18797666e+01 2.85959415e+01
 1.02109274e+01 -1.18720740e+01 2.85543062e+01
 1.02795350e+01 -1.18646696e+01 2.85143691e+01
 1.03485410e+01 -1.18568656e+01 2.84720831e+01
 1.04176560e+01 -1.18490174e+01 2.84295388e+01
 1.04868742e+01 -1.18411325e+01 2.83867816e+01
 1.05561895e+01 -1.18332189e+01 2.83438569e+01
 1.06255960e+01 -1.18252842e+01 2.83008105e+01
 1.06950872e+01 -1.18173361e+01 2.82576881e+01
 1.07646567e+01 -1.18093826e+01 2.82145358e+01
 1.08342978e+01 -1.18014315e+01 2.81713996e+01
 1.09040035e+01 -1.17934907e+01 2.81283260e+01
 1.09737669e+01 -1.17855679e+01 2.80853614e+01
 1.10435807e+01 -1.17776713e+01 2.80425523e+01
 1.11134375e+01 -1.17698087e+01 2.79999457e+01
 1.11833298e+01 -1.17619881e+01 2.79575885e+01
 1.12532496e+01 -1.17542175e+01 2.79155277e+01
 1.13231891e+01 -1.17465050e+01 2.78738106e+01
 1.13931401e+01 -1.17388587e+01 2.78324847e+01
 1.14655351e+01 -1.17285953e+01 2.77757697e+01
 1.15355146e+01 -1.17210867e+01 2.77352584e+01
 1.16055269e+01 -1.17136176e+01 2.76949820e+01
 1.16755970e+01 -1.17061602e+01 2.76547764e+01
 1.17457509e+01 -1.16986866e+01 2.76144769e+01
 1.18160149e+01 -1.16911685e+01 2.75739183e+01
 1.18864161e+01 -1.16835777e+01 2.75329348e+01
 1.19569822e+01 -1.16758861e+01 2.74913601e+01
 1.20277417e+01 -1.16680652e+01 2.74490272e+01
 1.20987236e+01 -1.16600864e+01 2.74057687e+01
 1.21699577e+01 -1.16519213e+01 2.73614165e+01
 1.22414744e+01 -1.16435410e+01 2.73158017e+01
 1.23133048e+01 -1.16349168e+01 2.72687549e+01
 1.23854807e+01 -1.16260197e+01 2.72201058e+01
 1.24580347e+01 -1.16168204e+01 2.71696835e+01
 1.25310001e+01 -1.16072899e+01 2.71173160e+01
 1.26044109e+01 -1.15973987e+01 2.70628305e+01
 1.26746833e+01 -1.15907640e+01 2.70274926e+01
 1.27490485e+01 -1.15800857e+01 2.69683851e+01
 1.28238867e+01 -1.15690358e+01 2.69070968e+01
 1.28991683e+01 -1.15576494e+01 2.68438338e+01
 1.29748627e+01 -1.15459617e+01 2.67788030e+01
 1.30509385e+01 -1.15340080e+01 2.67122122e+01
 1.31273634e+01 -1.15218239e+01 2.66442702e+01
 1.32041043e+01 -1.15094450e+01 2.65751869e+01
 1.32811268e+01 -1.14969072e+01 2.65051731e+01
 1.33583962e+01 -1.14842466e+01 2.64344411e+01
 1.34358763e+01 -1.14714994e+01 2.63632039e+01
 1.35135303e+01 -1.14587021e+01 2.62916761e+01
 1.35913202e+01 -1.14458914e+01 2.62200732e+01
 1.36692073e+01 -1.14331043e+01 2.61486123e+01
 1.37471518e+01 -1.14203778e+01 2.60775114e+01
 1.38251129e+01 -1.14077492e+01 2.60069900e+01
 1.39030488e+01 -1.13952562e+01 2.59372684e+01
 1.39809169e+01 -1.13829364e+01 2.58685685e+01
