 -1.33048881e+01 -1.41966193e+01 2.56235305e+01
 -1.32707598e+01 -1.41689400e+01 2.54420162e+01
 -1.32295428e+01 -1.41471796e+01 2.52998604e+01
 -1.31817921e+01 -1.41309400e+01 2.51944143e+01
 -1.31280722e+01 -1.41198067e+01 2.51229205e+01
 -1.30689531e+01 -1.41133519e+01 2.50825323e+01
 -1.30050074e+01 -1.41111369e+01 2.50703326e+01
 -1.29368061e+01 -1.41127152e+01 2.50833507e+01
 -1.28649168e+01 -1.41176344e+01 2.51185781e+01
 -1.27899004e+01 -1.41254385e+01 2.51729828e+01
 -1.27123095e+01 -1.41356699e+01 2.52435212e+01
 -1.26326864e+01 -1.41478708e+01 2.53271492e+01
 -1.25515614e+01 -1.41615844e+01 2.54208304e+01
 -1.24694524e+01 -1.41763563e+01 2.55215432e+01
 -1.23868634e+01 -1.41917351e+01 2.56262860e+01
 -1.23042845e+01 -1.42072726e+01 2.57320803e+01
 -1.22221918e+01 -1.42225244e+01 2.58359719e+01
 -1.21410471e+01 -1.42370497e+01 2.59350310e+01
 -1.20674846e+01 -1.42445393e+01 2.59873227e+01
 -1.19891419e+01 -1.42566770e+01 2.60705062e+01
 -1.19121445e+01 -1.42676608e+01 2.61460181e+01
 -1.18363628e+01 -1.42775970e+01 2.62145637e+01
 -1.17616705e+01 -1.42865903e+01 2.62768412e+01
 -1.16879448e+01 -1.42947451e+01 2.63335430e+01
 -1.16150658e+01 -1.43021647e+01 2.63853566e+01
 -1.15429170e+01 -1.43089517e+01 2.64329648e+01
 -1.14713844e+01 -1.43152084e+01 2.64770468e+01
 -1.14003571e+01 -1.43210365e+01 2.65182787e+01
 -1.13297269e+01 -1.43265372e+01 2.65573338e+01
 -1.12593881e+01 -1.43318114e+01 2.65948826e+01
 -1.11892378e+01 -1.43369599e+01 2.66315940e+01
 -1.11191756e+01 -1.43420827e+01 2.66681343e+01
 -1.10491037e+01 -1.43472801e+01 2.67051682e+01
 -1.09789268e+01 -1.43526516e+01 2.67433582e+01
 -1.09085524e+01 -1.43582967e+01 2.67833649e+01
 -1.08248407e+01 -1.43779591e+01 2.69165114e+01
 -1.07539351e+01 -1.43843918e+01 2.69617465e+01
 -1.06827323e+01 -1.43912213e+01 2.70096168e+01
 -1.06112758e+01 -1.43984084e+01 2.70598618e+01
 -1.05396082e+01 -1.44059141e+01 2.71122216e+01
 -1.04677712e+01 -1.44136993e+01 2.71664369e+01
 -1.03958055e+01 -1.44217252e+01 2.72222495e+01
 -1.03237505e+01 -1.44299531e+01 2.72794021e+01
 -1.02516449e+01 -1.44383444e+01 2.73376385e+01
 -1.01795262e+01 -1.44468608e+01 2.73967035e+01
 -1.01074309e+01 -1.44554639e+01 2.74563432e+01
 -1.00353946e+01 -1.44641158e+01 2.75163046e+01
 -9.96345158e+00 -1.44727786e+01 2.75763362e+01
 -9.89163537e+00 -1.44814145e+01 2.76361877e+01
 -9.81997836e+00 -1.44899862e+01 2.76956098e+01
 -9.74851195e+00 -1.44984562e+01 2.77543546e+01
 -9.67726654e+00 -1.45067874e+01 2.78121753e+01
 -9.60627154e+00 -1.45149428e+01 2.78688261e+01
 -9.54919923e+00 -1.45069026e+01 2.78178935e+01
 -9.47864332e+00 -1.45146607e+01 2.78719035e+01
 -9.40834570e+00 -1.45222223e+01 2.79246063e+01
 -9.33829363e+00 -1.45295986e+01 2.79760765e+01
 -9.26847465e+00 -1.45368008e+01 2.80263882e+01
 -9.19887661e+00 -1.45438400e+01 2.80756154e+01
 -9.12948765e+00 -1.45507272e+01 2.81238314e+01
 -9.06029624e+00 -1.45574734e+01 2.81711095e+01
 -8.99129108e+00 -1.45640896e+01 2.82175224e+01
 -8.92246121e+00 -1.45705866e+01 2.82631426e+01
 -8.85379594e+00 -1.45769755e+01 2.83080423e+01
 -8.78528484e+00 -1.45832669e+01 2.83522933e+01
 -8.71691778e+00 -1.45894716e+01 2.83959673e+01
 -8.64868492e+00 -1.45956004e+01 2.84391357e+01
 -8.58057666e+00 -1.46016640e+01 2.84818693e+01
 -8.51258371e+00 -1.46076731e+01 2.85242392e+01
 -8.44469703e+00 -1.46136382e+01 2.85663157e+01
 -8.36812322e+00 -1.46311794e+01 2.86852640e+01
 -8.30050746e+00 -1.46370640e+01 2.87268023e+01
 -8.23300215e+00 -1.46428962e+01 2.87679907e+01
 -8.16561839e+00 -1.46486597e+01 2.88087213e+01
 -8.09836690e+00 -1.46543383e+01 2.88488867e+01
 -8.03125797e+00 -1.46599158e+01 2.88883797e+01
 -7.96430149e+00 -1.46653762e+01 2.89270935e+01
 -7.89750695e+00 -1.46707033e+01 2.89649216e+01
 -7.83088346e+00 -1.46758813e+01 2.90017578e+01
 -7.76443971e+00 -1.46808942e+01 2.90374962e+01
 -7.69818402e+00 -1.46857259e+01 2.90720310e+01
 -7.63212433e+00 -1.46903607e+01 2.91052569e+01
 -7.56626819e+00 -1.46947826e+01 2.91370684e+01
 -7.50062275e+00 -1.46989759e+01 2.91673606e+01
 -7.43519484e+00 -1.47029246e+01 2.91960283e+01
 -7.36999086e+00 -1.47066130e+01 2.92229668e+01
 -7.30501689e+00 -1.47100253e+01 2.92480712e+01
 -7.24725821e+00 -1.47025668e+01 2.92010065e+01
 -7.18269018e+00 -1.47053955e+01 2.92222364e+01
 -7.11833294e+00 -1.47079553e+01 2.92416804e+01
 -7.05416065e+00 -1.47102793e+01 2.92595582e+01
 -6.99014825e+00 -1.47124004e+01 2.92760889e+01
 -6.92627149e+00 -1.47143517e+01 2.92914913e+01
 -6.86250688e+00 -1.47161659e+01 2.93059835e+01
 -6.79883172e+00 -1.47178760e+01 2.93197839e+01
 -6.73522409e+00 -1.47195146e+01 2.93331099e+01
 -6.67166283e+00 -1.47211147e+01 2.93461792e+01
 -6.60812755e+00 -1.47227089e+01 2.93592090e+01
 -6.54459863e+00 -1.47243299e+01 2.93724163e+01
 -6.48105721e+00 -1.47260103e+01 2.93860179e+01
 -6.41748519e+00 -1.47277829e+01 2.94002302e+01
 -6.35386526e+00 -1.47296801e+01 2.94152697e+01
 -6.29018084e+00 -1.47317346e+01 2.94313521e+01
 -6.22641615e+00 -1.47339788e+01 2.94486932e+01
 -6.16255617e+00 -1.47364451e+01 2.94675081e+01
 -6.09521661e+00 -1.47452140e+01 2.95281501e+01
 -6.03118991e+00 -1.47481649e+01 2.95501781e+01
 -5.96708973e+00 -1.47513196e+01 2.95735586e+01
 -5.90293755e+00 -1.47546449e+01 2.95980701e+01
 -5.83875409e+00 -1.47581074e+01 2.96234915e+01
 -5.77455929e+00 -1.47616739e+01 2.96496021e+01
 -5.71037227e+00 -1.47653111e+01 2.96761815e+01
 -5.64621137e+00 -1.47689861e+01 2.97030100e+01
 -5.58209416e+00 -1.47726657e+01 2.97298681e+01
 -5.51803740e+00 -1.47763169e+01 2.97565371e+01
 -5.45405705e+00 -1.47799068e+01 2.97827985e+01
 -5.39016833e+00 -1.47834026e+01 2.98084345e+01
 -5.32638563e+00 -1.47867714e+01 2.98332275e+01
 -5.26272262e+00 -1.47899807e+01 2.98569605e+01
 -5.19919214e+00 -1.47929976e+01 2.98794168e+01
 -5.13580632e+00 -1.47957897e+01 2.99003801e+01
 -5.07257649e+00 -1.47983242e+01 2.99196342e+01
 -5.00946702e+00 -1.48006691e+01 2.99376291e+01
 -4.94657197e+00 -1.48026104e+01 2.99529457e+01
 -4.88383471e+00 -1.48042587e+01 2.99663186e+01
 -4.82124464e+00 -1.48056269e+01 2.99778319e+01
 -4.75879142e+00 -1.48067274e+01 2.99875697e+01
 -4.69646506e+00 -1.48075730e+01 2.99956154e+01
 -4.63425584e+00 -1.48081761e+01 3.00020526e+01
 -4.57215437e+00 -1.48085493e+01 3.00069644e+01
 -4.51015152e+00 -1.48087052e+01 3.00104338e+01
 -4.44823847e+00 -1.48086560e+01 3.00125435e+01
 -4.38640672e+00 -1.48084144e+01 3.00133765e+01
 -4.32464801e+00 -1.48079928e+01 3.00130151e+01
 -4.26295441e+00 -1.48074035e+01 3.00115420e+01
 -4.20131825e+00 -1.48066591e+01 3.00090395e+01
 -4.13973216e+00 -1.48057719e+01 3.00055901e+01
 -4.07818905e+00 -1.48047543e+01 3.00012760e+01
 -4.01668212e+00 -1.48036187e+01 2.99961797e+01
 -3.95977569e+00 -1.47898093e+01 2.99070209e+01
 -3.89824965e+00 -1.47884768e+01 2.99006206e+01
 -3.83673302e+00 -1.47870865e+01 2.98938366e+01
 -3.77521253e+00 -1.47856738e+01 2.98869041e+01
 -3.71367570e+00 -1.47842741e+01 2.98800583e+01
 -3.65211085e+00 -1.47829229e+01 2.98735348e+01
 -3.59050711e+00 -1.47816558e+01 2.98675691e+01
 -3.52885439e+00 -1.47805084e+01 2.98623968e+01
 -3.46714344e+00 -1.47795160e+01 2.98582537e+01
 -3.40536579e+00 -1.47787144e+01 2.98553755e+01
 -3.34351378e+00 -1.47781391e+01 2.98539979e+01
 -3.28158058e+00 -1.47778256e+01 2.98543565e+01
 -3.21956014e+00 -1.47778094e+01 2.98566869e+01
 -3.15744728e+00 -1.47781260e+01 2.98612241e+01
 -3.09523760e+00 -1.47788108e+01 2.98682029e+01
 -3.03292753e+00 -1.47798993e+01 2.98778577e+01
 -2.97051436e+00 -1.47814266e+01 2.98904222e+01
 -2.90799617e+00 -1.47834279e+01 2.99061294e+01
 -2.84249222e+00 -1.47969583e+01 2.99982811e+01
 -2.77984755e+00 -1.47999215e+01 3.00203638e+01
 -2.71714813e+00 -1.48032553e+01 3.00449027e+01
 -2.65442291e+00 -1.48068669e+01 3.00712832e+01
 -2.59169871e+00 -1.48106640e+01 3.00988919e+01
 -2.52900017e+00 -1.48145540e+01 3.01271166e+01
 -2.46634982e+00 -1.48184451e+01 3.01553464e+01
 -2.40376802e+00 -1.48222451e+01 3.01829720e+01
 -2.34127303e+00 -1.48258624e+01 3.02093854e+01
 -2.27888096e+00 -1.48292055e+01 3.02339799e+01
 -2.21660580e+00 -1.48321830e+01 3.02561497e+01
 -2.15445948e+00 -1.48347036e+01 3.02752902e+01
 -2.09245180e+00 -1.48366762e+01 3.02907968e+01
 -2.03059052e+00 -1.48380096e+01 3.03020652e+01
 -1.96888131e+00 -1.48386124e+01 3.03084908e+01
 -1.90732783e+00 -1.48383933e+01 3.03094675e+01
 -1.84593168e+00 -1.48372606e+01 3.03043880e+01
 -1.78469346e+00 -1.48351160e+01 3.02926017e+01
 -1.72359801e+00 -1.48319465e+01 3.02740218e+01
 -1.66261358e+00 -1.48278452e+01 3.02492662e+01
 -1.60170740e+00 -1.48229265e+01 3.02190935e+01
 -1.54084931e+00 -1.48173048e+01 3.01842621e+01
 -1.48001171e+00 -1.48110946e+01 3.01455313e+01
 -1.41916959e+00 -1.48044106e+01 3.01036616e+01
 -1.35830052e+00 -1.47973679e+01 3.00594156e+01
 -1.29738463e+00 -1.47900818e+01 3.00135582e+01
 -1.23640463e+00 -1.47826681e+01 2.99668570e+01
 -1.17534579e+00 -1.47752431e+01 2.99200826e+01
 -1.11419601e+00 -1.47679236e+01 2.98740084e+01
 -1.05294577e+00 -1.47608266e+01 2.98294110e+01
 -9.91588191e-01 -1.47540698e+01 2.97870695e+01
 -9.30119024e-01 -1.47477712e+01 2.97477657e+01
 -8.68536677e-01 -1.47420490e+01 2.97122832e+01
 -8.06842225e-01 -1.47370217e+01 2.96814074e+01
 -7.45039428e-01 -1.47328081e+01 2.96559242e+01
 -6.83054384e-01 -1.47308134e+01 2.96451459e+01
 -6.21075119e-01 -1.47283915e+01 2.96315376e+01
 -5.59031413e-01 -1.47267745e+01 2.96232626e+01
 -4.96940443e-01 -1.47258858e+01 2.96198147e+01
 -4.34817660e-01 -1.47256491e+01 2.96206863e+01
 -3.72676783e-01 -1.47259874e+01 2.96253685e+01
 -3.10529790e-01 -1.47268240e+01 2.96333514e+01
 -2.48386911e-01 -1.47280817e+01 2.96441250e+01
 -1.86256632e-01 -1.47296837e+01 2.96571790e+01
 -1.24145687e-01 -1.47315529e+01 2.96720033e+01
 -6.20590628e-02 -1.47336125e+01 2.96880883e+01
 0.00000000e+00 -1.47357856e+01 2.97049248e+01
 6.20300057e-02 -1.47379955e+01 2.97220043e+01
 1.24031200e-01 -1.47401655e+01 2.97388191e+01
 1.86005566e-01 -1.47422191e+01 2.97548621e+01
 2.47956823e-01 -1.47440798e+01 2.97696268e+01
 3.09890424e-01 -1.47456713e+01 2.97826073e+01
 3.71894496e-01 -1.47445402e+01 2.97775519e+01
 4.33827360e-01 -1.47454196e+01 2.97858145e+01
 4.95761787e-01 -1.47459528e+01 2.97917834e+01
 5.57702395e-01 -1.47461647e+01 2.97956242e+01
 6.19653237e-01 -1.47460804e+01 2.97975024e+01
 6.81617801e-01 -1.47457247e+01 2.97975830e+01
 7.43599011e-01 -1.47451226e+01 2.97960310e+01
 8.05599230e-01 -1.47442988e+01 2.97930111e+01
 8.67620255e-01 -1.47432782e+01 2.97886880e+01
 9.29663320e-01 -1.47420858e+01 2.97832262e+01
 9.91729097e-01 -1.47407462e+01 2.97767902e+01
 1.05381769e+00 -1.47392843e+01 2.97695448e+01
 1.11592865e+00 -1.47377251e+01 2.97616546e+01
 1.17806094e+00 -1.47360933e+01 2.97532841e+01
 1.24021297e+00 -1.47344139e+01 2.97445984e+01
 1.30238259e+00 -1.47327117e+01 2.97357622e+01
 1.36456708e+00 -1.47310117e+01 2.97269407e+01
 1.42663322e+00 -1.47303344e+01 2.97248925e+01
 1.48883100e+00 -1.47287160e+01 2.97166124e+01
 1.55103047e+00 -1.47271858e+01 2.97089161e+01
 1.61322498e+00 -1.47257785e+01 2.97020346e+01
 1.67540708e+00 -1.47245292e+01 2.96961988e+01
 1.73756857e+00 -1.47234725e+01 2.96916396e+01
 1.79970040e+00 -1.47226436e+01 2.96885881e+01
 1.86179279e+00 -1.47220771e+01 2.96872751e+01
 1.92383511e+00 -1.47218080e+01 2.96879314e+01
 1.98581601e+00 -1.47218712e+01 2.96907875e+01
 2.04772331e+00 -1.47223014e+01 2.96960737e+01
 2.10954407e+00 -1.47231332e+01 2.97040196e+01
 2.17126459e+00 -1.47244014e+01 2.97148544e+01
 2.23287040e+00 -1.47261406e+01 2.97288067e+01
 2.29434627e+00 -1.47283849e+01 2.97461040e+01
 2.35567621e+00 -1.47311689e+01 2.97669731e+01
 2.41684352e+00 -1.47345264e+01 2.97916394e+01
 2.47783076e+00 -1.47384915e+01 2.98203270e+01
 2.53859564e+00 -1.47432015e+01 2.98539454e+01
 2.59919472e+00 -1.47483659e+01 2.98905708e+01
 2.65961881e+00 -1.47539906e+01 2.99302427e+01
 2.71988698e+00 -1.47599679e+01 2.99722472e+01
 2.78002070e+00 -1.47661902e+01 3.00158726e+01
 2.84004375e+00 -1.47725504e+01 3.00604093e+01
 2.89998226e+00 -1.47789417e+01 3.01051504e+01
 2.95986467e+00 -1.47852578e+01 3.01493915e+01
 3.01972172e+00 -1.47913925e+01 3.01924307e+01
 3.07958647e+00 -1.47972402e+01 3.02335688e+01
 3.13949426e+00 -1.48026956e+01 3.02721086e+01
 3.19948273e+00 -1.48076537e+01 3.03073548e+01
 3.25959187e+00 -1.48120095e+01 3.03386139e+01
 3.31986396e+00 -1.48156585e+01 3.03651928e+01
 3.38034367e+00 -1.48184959e+01 3.03863990e+01
 3.44107805e+00 -1.48204170e+01 3.04015398e+01
 3.50211660e+00 -1.48213169e+01 3.04099207e+01
 3.56576490e+00 -1.48142381e+01 3.03654929e+01
 3.62757739e+00 -1.48128739e+01 3.03588894e+01
 3.68975141e+00 -1.48104804e+01 3.03454730e+01
 3.75226327e+00 -1.48071764e+01 3.03260320e+01
 3.81508667e+00 -1.48030809e+01 3.03013532e+01
 3.87819259e+00 -1.47983128e+01 3.02722234e+01
 3.94154932e+00 -1.47929908e+01 3.02394297e+01
 4.00512238e+00 -1.47872342e+01 3.02037604e+01
 4.06887446e+00 -1.47811623e+01 3.01660058e+01
 4.13276547e+00 -1.47748948e+01 3.01269581e+01
 4.19675242e+00 -1.47685517e+01 3.00874120e+01
 4.26078946e+00 -1.47622536e+01 3.00481647e+01
 4.32482786e+00 -1.47561213e+01 3.00100162e+01
 4.38881599e+00 -1.47502762e+01 2.99737687e+01
 4.45269933e+00 -1.47448397e+01 2.99402269e+01
 4.51642049e+00 -1.47399338e+01 2.99101972e+01
 4.57991923e+00 -1.47356806e+01 2.98844874e+01
 4.64351537e+00 -1.47313018e+01 2.98579474e+01
 4.70639555e+00 -1.47286903e+01 2.98431015e+01
 4.76893488e+00 -1.47269179e+01 2.98338081e+01
 4.83114495e+00 -1.47259261e+01 2.98296802e+01
 4.89303881e+00 -1.47256563e+01 2.98303287e+01
 4.95463095e+00 -1.47260493e+01 2.98353633e+01
 5.01593726e+00 -1.47270462e+01 2.98443924e+01
 5.07697502e+00 -1.47285876e+01 2.98570237e+01
 5.13776293e+00 -1.47306142e+01 2.98728645e+01
 5.19832099e+00 -1.47330666e+01 2.98915219e+01
 5.25867059e+00 -1.47358855e+01 2.99126029e+01
 5.31883442e+00 -1.47390114e+01 2.99357150e+01
 5.37883648e+00 -1.47423853e+01 2.99604660e+01
 5.43870210e+00 -1.47459478e+01 2.99864643e+01
 5.49845786e+00 -1.47496400e+01 3.00133193e+01
 5.55813162e+00 -1.47534028e+01 3.00406407e+01
 5.61775255e+00 -1.47571775e+01 3.00680395e+01
 5.67735102e+00 -1.47609053e+01 3.00951275e+01
 5.73663704e+00 -1.47651380e+01 3.01255545e+01
 5.79627448e+00 -1.47686133e+01 3.01509704e+01
 5.85596593e+00 -1.47719076e+01 3.01751877e+01
 5.91573242e+00 -1.47749877e+01 3.01979881e+01
 5.97559569e+00 -1.47778208e+01 3.02191537e+01
 6.03557822e+00 -1.47803740e+01 3.02384670e+01
 6.09570323e+00 -1.47826143e+01 3.02557104e+01
 6.15599464e+00 -1.47845088e+01 3.02706665e+01
 6.21647717e+00 -1.47860247e+01 3.02831178e+01
 6.27717626e+00 -1.47871290e+01 3.02928467e+01
 6.33811814e+00 -1.47877888e+01 3.02996355e+01
 6.39932982e+00 -1.47879711e+01 3.03032657e+01
 6.46083908e+00 -1.47876426e+01 3.03035186e+01
 6.52267454e+00 -1.47867703e+01 3.03001748e+01
 6.58486565e+00 -1.47853208e+01 3.02930140e+01
 6.64744268e+00 -1.47832606e+01 3.02818148e+01
 6.71043681e+00 -1.47805560e+01 3.02663548e+01
 6.77744006e+00 -1.47714605e+01 3.02086346e+01
 6.84137978e+00 -1.47673937e+01 3.01841690e+01
 6.90575789e+00 -1.47627019e+01 3.01555715e+01
 6.97054435e+00 -1.47574486e+01 3.01232621e+01
 7.03570765e+00 -1.47516974e+01 3.00876613e+01
 7.10121479e+00 -1.47455118e+01 3.00491897e+01
 7.16703123e+00 -1.47389556e+01 3.00082691e+01
 7.23312092e+00 -1.47320927e+01 2.99653221e+01
 7.29944620e+00 -1.47249872e+01 2.99207725e+01
 7.36596784e+00 -1.47177034e+01 2.98750457e+01
 7.43264499e+00 -1.47103059e+01 2.98285684e+01
 7.49943517e+00 -1.47028594e+01 2.97817690e+01
 7.56629425e+00 -1.46954290e+01 2.97350776e+01
 7.63317648e+00 -1.46880799e+01 2.96889258e+01
 7.70003441e+00 -1.46808778e+01 2.96437469e+01
 7.76681898e+00 -1.46738884e+01 2.95999760e+01
 7.83347947e+00 -1.46671778e+01 2.95580494e+01
 7.89996350e+00 -1.46608121e+01 2.95184047e+01
 7.96517687e+00 -1.46562927e+01 2.94909666e+01
 8.03119806e+00 -1.46507318e+01 2.94566445e+01
 8.09699683e+00 -1.46455528e+01 2.94248475e+01
 8.16258178e+00 -1.46407351e+01 2.93954410e+01
 8.22796207e+00 -1.46362586e+01 2.93682899e+01
 8.29314736e+00 -1.46321025e+01 2.93432584e+01
 8.35814787e+00 -1.46282463e+01 2.93202100e+01
 8.42297434e+00 -1.46246694e+01 2.92990078e+01
 8.48763802e+00 -1.46213508e+01 2.92795146e+01
 8.55215071e+00 -1.46182699e+01 2.92615923e+01
 8.61652470e+00 -1.46154056e+01 2.92451030e+01
 8.68077279e+00 -1.46127371e+01 2.92299081e+01
 8.74490831e+00 -1.46102434e+01 2.92158688e+01
 8.80894507e+00 -1.46079034e+01 2.92028462e+01
 8.87289742e+00 -1.46056961e+01 2.91907009e+01
 8.93678017e+00 -1.46036004e+01 2.91792935e+01
 9.00060865e+00 -1.46015952e+01 2.91684845e+01
 9.07308737e+00 -1.45890759e+01 2.90881919e+01
 9.13692365e+00 -1.45871777e+01 2.90780926e+01
 9.20077328e+00 -1.45852843e+01 2.90680246e+01
 9.26466648e+00 -1.45833594e+01 2.90577491e+01
 9.32863428e+00 -1.45813668e+01 2.90470271e+01
 9.39270858e+00 -1.45792705e+01 2.90356193e+01
 9.45692213e+00 -1.45770340e+01 2.90232863e+01
 9.52130853e+00 -1.45746212e+01 2.90097882e+01
 9.58590224e+00 -1.45719956e+01 2.89948850e+01
 9.65073862e+00 -1.45691209e+01 2.89783361e+01
 9.71585389e+00 -1.45659606e+01 2.89599005e+01
 9.78128520e+00 -1.45624781e+01 2.89393367e+01
 9.84707058e+00 -1.45586367e+01 2.89164024e+01
 9.91324904e+00 -1.45543997e+01 2.88908547e+01
 9.97986050e+00 -1.45497300e+01 2.88624495e+01
 1.00469459e+01 -1.45445906e+01 2.88309420e+01
 1.01145472e+01 -1.45389443e+01 2.87960861e+01
 1.01862769e+01 -1.45288605e+01 2.87319142e+01
 1.02550442e+01 -1.45221065e+01 2.86897440e+01
 1.03243597e+01 -1.45148396e+01 2.86441859e+01
 1.03941783e+01 -1.45071172e+01 2.85956209e+01
 1.04644535e+01 -1.44989973e+01 2.85444309e+01
 1.05351372e+01 -1.44905377e+01 2.84909987e+01
 1.06061798e+01 -1.44817966e+01 2.84357089e+01
 1.06775303e+01 -1.44728324e+01 2.83789474e+01
 1.07491359e+01 -1.44637037e+01 2.83211015e+01
 1.08209425e+01 -1.44544696e+01 2.82625608e+01
 1.08928941e+01 -1.44451891e+01 2.82037162e+01
 1.09649333e+01 -1.44359219e+01 2.81449607e+01
 1.10370011e+01 -1.44267276e+01 2.80866894e+01
 1.11090367e+01 -1.44176664e+01 2.80292988e+01
 1.11809776e+01 -1.44087985e+01 2.79731876e+01
 1.12527600e+01 -1.44001847e+01 2.79187561e+01
 1.13243183e+01 -1.43918857e+01 2.78664061e+01
 1.13955852e+01 -1.43839627e+01 2.78165410e+01
 1.14684837e+01 -1.43745213e+01 2.77566495e+01
 1.15390855e+01 -1.43674223e+01 2.77122308e+01
 1.16094276e+01 -1.43606492e+01 2.76699657e+01
 1.16795799e+01 -1.43541291e+01 2.76293725e+01
 1.17496145e+01 -1.43477887e+01 2.75899680e+01
 1.18196050e+01 -1.43415546e+01 2.75512672e+01
 1.18896273e+01 -1.43353532e+01 2.75127833e+01
 1.19597590e+01 -1.43291106e+01 2.74740284e+01
 1.20300795e+01 -1.43227525e+01 2.74345127e+01
 1.21006706e+01 -1.43162047e+01 2.73937449e+01
 1.21716155e+01 -1.43093923e+01 2.73512322e+01
 1.22429998e+01 -1.43022406e+01 2.73064797e+01
 1.23149109e+01 -1.42946742e+01 2.72589905e+01
 1.23874385e+01 -1.42866175e+01 2.72082657e+01
 1.24606741e+01 -1.42779945e+01 2.71538033e+01
 1.25347118e+01 -1.42687288e+01 2.70950988e+01
 1.26096477e+01 -1.42587433e+01 2.70316442e+01
 1.26869263e+01 -1.42467529e+01 2.69549532e+01
 1.27638601e+01 -1.42351873e+01 2.68810699e+01
 1.28416492e+01 -1.42229738e+01 2.68029121e+01
 1.29201405e+01 -1.42102577e+01 2.67214382e+01
 1.29991764e+01 -1.41971849e+01 2.66376118e+01
 1.30785952e+01 -1.41839022e+01 2.65524030e+01
 1.31582307e+01 -1.41705576e+01 2.64667881e+01
 1.32379120e+01 -1.41572999e+01 2.63817503e+01
 1.33174638e+01 -1.41442791e+01 2.62982793e+01
 1.33967063e+01 -1.41316462e+01 2.62173714e+01
 1.34754551e+01 -1.41195528e+01 2.61400290e+01
 1.35535215e+01 -1.41081519e+01 2.60672600e+01
 1.36307123e+01 -1.40975968e+01 2.60000769e+01
 1.37068305e+01 -1.40880414e+01 2.59394960e+01
 1.37816748e+01 -1.40796402e+01 2.58865359e+01
 1.38550404e+01 -1.40725477e+01 2.58422164e+01
 1.39267193e+01 -1.40669184e+01 2.58075566e+01
 1.39965001e+01 -1.40629063e+01 2.57835732e+01
